72
G502-L-SLE-2009   0.0000000 0.0509383 0.0629763 0.0557922 0.0615382 0.0915702 0.0902835 0.0907050 0.0933829 0.0918711 0.0940068 0.0923604 0.0906714 0.1015566 0.1016240 0.1044487 0.1000164 0.0999998 0.1001196 0.1017768 0.1064475 0.1018212 0.1035122 0.1021994 0.1000048 0.1002574 0.0995444 0.0982420 0.0985280 0.1033087 0.1014455 0.1002527 0.1001553 0.0972205 0.1012609 0.0996838 0.0711760 0.0965810 0.1024544 0.1012702 0.0943527 0.0964137 0.0900364 0.0963356 0.0912859 0.0900397 0.0870200 0.0916132 0.0938782 0.1261654 0.1207492 0.1210503 0.1289439 0.1215452 0.1275662 0.1304015 0.1318780 0.1318393 0.1322129 0.1421704 0.1298684 0.2480249 0.2307975 0.2616276 0.2647054 0.2632610 0.2699144 0.2610708 0.2666684 0.2595947 0.2646066 0.3035815 
G1180-L-SLE-2010  0.0509383 0.0000000 0.0600063 0.0564858 0.0613635 0.0887412 0.0869904 0.0878284 0.0912255 0.0895761 0.0925977 0.0899350 0.0863817 0.0995975 0.1006582 0.1037582 0.1005737 0.1009810 0.1019935 0.1005196 0.1051646 0.1013053 0.1046029 0.1024650 0.1002952 0.1017473 0.0982372 0.0971955 0.0975298 0.1005639 0.1003304 0.0984707 0.0983116 0.0954638 0.0970726 0.0974333 0.0716870 0.1004329 0.1047511 0.1100126 0.0936381 0.0956286 0.0891379 0.0963021 0.0942365 0.0930021 0.0873346 0.0924765 0.0929017 0.1276104 0.1215880 0.1216950 0.1290802 0.1238412 0.1318998 0.1371813 0.1357275 0.1356925 0.1360778 0.1450851 0.1315972 0.2458825 0.2407607 0.2684097 0.2733121 0.2713038 0.2760276 0.2670695 0.2763911 0.2588831 0.2704701 0.3012619 
G503-L-SLE-2009   0.0629763 0.0600063 0.0000000 0.0583664 0.0634595 0.0823814 0.0816123 0.0824011 0.0842797 0.0831635 0.0851676 0.0863727 0.0836930 0.0912935 0.0911175 0.0955783 0.0925513 0.0970324 0.0976003 0.0976397 0.1011701 0.0974227 0.0986891 0.0973878 0.0953338 0.0961291 0.0959759 0.0939313 0.0942953 0.0935419 0.0933622 0.0904761 0.0903340 0.0924018 0.0955420 0.0946854 0.0653570 0.0973256 0.0925576 0.0998693 0.0877735 0.0910246 0.0852998 0.0915013 0.0870418 0.0882805 0.0789589 0.0844422 0.0876480 0.1188384 0.1089759 0.1130021 0.1217082 0.1131920 0.1255107 0.1299487 0.1306634 0.1306238 0.1309916 0.1345814 0.1244532 0.2355858 0.2244776 0.2572929 0.2633446 0.2556209 0.2656951 0.2539178 0.2540576 0.2414254 0.2537941 0.3043628 
LM779-L-SLE-2012  0.0557922 0.0564858 0.0583664 0.0000000 0.0596368 0.0836004 0.0822517 0.0829045 0.0841595 0.0834118 0.0862070 0.0889702 0.0825564 0.0966699 0.0995799 0.1004308 0.0969655 0.0985379 0.0979036 0.0970246 0.1006560 0.0965649 0.0976387 0.0970264 0.0945115 0.0966083 0.0932586 0.0935532 0.0937755 0.0978879 0.0937817 0.0951677 0.0951677 0.0935441 0.0989310 0.0976054 0.0694286 0.0975080 0.0989743 0.1022262 0.0862809 0.0872876 0.0892073 0.0923170 0.0857634 0.0882932 0.0836841 0.0872865 0.0869111 0.1203233 0.1180210 0.1192566 0.1233024 0.1190838 0.1228070 0.1250853 0.1270744 0.1272516 0.1272179 0.1368946 0.1282554 0.2329326 0.2243191 0.2599328 0.2602899 0.2589997 0.2624383 0.2512223 0.2623712 0.2446516 0.2553054 0.2800312 
G2147-L-SLE-2011  0.0615382 0.0613635 0.0634595 0.0596368 0.0000000 0.0925379 0.0915665 0.0916492 0.0934546 0.0924171 0.0949193 0.0939703 0.0919763 0.1041545 0.1024260 0.1092012 0.1048560 0.1066992 0.1082648 0.1065843 0.1093480 0.1037030 0.1099830 0.1091862 0.1064558 0.1026526 0.1015488 0.1036809 0.1036439 0.1092158 0.1067129 0.1045055 0.1040831 0.1042652 0.1064865 0.1078712 0.0761855 0.1058424 0.1069659 0.1129794 0.1019702 0.1025607 0.0971720 0.1014117 0.0929020 0.0977691 0.0877215 0.0992150 0.0957632 0.1316618 0.1286609 0.1298026 0.1367726 0.1280442 0.1389131 0.1412275 0.1407093 0.1394977 0.1398869 0.1490135 0.1392153 0.2581847 0.2343112 0.2775128 0.2855316 0.2753467 0.2871974 0.2676673 0.2812229 0.2592410 0.2713132 0.3193919 
G610-L-SLE-2009   0.0915702 0.0887412 0.0823814 0.0836004 0.0925379 0.0000000 0.0029130 0.0029122 0.0113277 0.0106861 0.0131358 0.0435907 0.0462063 0.0985427 0.1006931 0.1021376 0.1000654 0.1031568 0.1030933 0.1007331 0.1050069 0.1006309 0.1008202 0.1006648 0.0985704 0.1001605 0.0978462 0.0958063 0.0957446 0.0993363 0.0983003 0.0972972 0.0971418 0.0946043 0.0963568 0.0977186 0.0695015 0.1015731 0.0990184 0.1008297 0.0901878 0.0901583 0.0923477 0.0980802 0.0928131 0.0932600 0.0888008 0.0958086 0.0960495 0.1226776 0.1179223 0.1189132 0.1196894 0.1208591 0.1286710 0.1309087 0.1326351 0.1325974 0.1329710 0.1378496 0.1295151 0.2394385 0.2284347 0.2634991 0.2661410 0.2612088 0.2691938 0.2586044 0.2672550 0.2490271 0.2596884 0.2948613 
G693-L-SLE-2009   0.0902835 0.0869904 0.0816123 0.0822517 0.0915665 0.0029130 0.0000000 0.0011028 0.0105906 0.0099502 0.0122402 0.0427117 0.0450823 0.0964014 0.0985031 0.1010888 0.0987749 0.1005461 0.1004410 0.0981723 0.1024046 0.0989077 0.0986659 0.0985297 0.0964391 0.0986984 0.0953454 0.0937208 0.0936529 0.0970129 0.0960357 0.0949655 0.0948328 0.0925619 0.0943194 0.0952333 0.0669505 0.0983867 0.0983834 0.0980276 0.0875929 0.0884342 0.0905991 0.0963223 0.0910369 0.0923249 0.0868899 0.0948569 0.0942981 0.1211375 0.1168043 0.1174076 0.1172760 0.1189952 0.1263316 0.1286189 0.1303377 0.1302977 0.1306653 0.1351592 0.1272910 0.2383997 0.2280885 0.2597625 0.2610874 0.2575466 0.2644631 0.2560072 0.2660052 0.2487012 0.2582965 0.2919608 
G771-L-SLE-2010   0.0907050 0.0878284 0.0824011 0.0829045 0.0916492 0.0029122 0.0011028 0.0000000 0.0105876 0.0099520 0.0120820 0.0430541 0.0454244 0.0968855 0.0987352 0.1015379 0.0992891 0.1010235 0.1009453 0.0981941 0.1023925 0.0988959 0.0987065 0.0985702 0.0965012 0.0982511 0.0962075 0.0941859 0.0941228 0.0966228 0.0964542 0.0954560 0.0953045 0.0930046 0.0947353 0.0956490 0.0673638 0.0992950 0.0993043 0.0987338 0.0876403 0.0884366 0.0910496 0.0967319 0.0914712 0.0929868 0.0873067 0.0950933 0.0938475 0.1210932 0.1167899 0.1169285 0.1173555 0.1194677 0.1267362 0.1289460 0.1311376 0.1310984 0.1314677 0.1355520 0.1275424 0.2383654 0.2277295 0.2615898 0.2624076 0.2589531 0.2660750 0.2574426 0.2659659 0.2479087 0.2573198 0.2935823 
G1792-L-SLE-2011  0.0933829 0.0912255 0.0842797 0.0841595 0.0934546 0.0113277 0.0105906 0.0105876 0.0000000 0.0019547 0.0027944 0.0451091 0.0462470 0.0998654 0.1000212 0.1028651 0.1020833 0.1028052 0.1021702 0.1017147 0.1058193 0.1023901 0.1009304 0.1021190 0.0999931 0.1007793 0.0988724 0.0965046 0.0969888 0.0989410 0.0986226 0.0974695 0.0973124 0.0959990 0.0971970 0.0986544 0.0708518 0.1022565 0.1015865 0.1026189 0.0904105 0.0917078 0.0930737 0.0992760 0.0933765 0.0942170 0.0893102 0.0972324 0.0987577 0.1247944 0.1202990 0.1204675 0.1209076 0.1250148 0.1295671 0.1312131 0.1334093 0.1335662 0.1337215 0.1386607 0.1322205 0.2421556 0.2290096 0.2629935 0.2652318 0.2638567 0.2679282 0.2643920 0.2684853 0.2505165 0.2635238 0.2962840 
G1960-L-SLE-2011  0.0918711 0.0895761 0.0831635 0.0834118 0.0924171 0.0106861 0.0099502 0.0099520 0.0019547 0.0000000 0.0032069 0.0441775 0.0452464 0.0979129 0.0995283 0.1013560 0.0998312 0.1017620 0.1017444 0.0998047 0.1034375 0.1009717 0.0994767 0.1002008 0.0980220 0.0985063 0.0971868 0.0951895 0.0949529 0.0970646 0.0966192 0.0954240 0.0954059 0.0947986 0.0958801 0.0972024 0.0687829 0.1003351 0.0997922 0.1003799 0.0894725 0.0900986 0.0911305 0.0974945 0.0926763 0.0935068 0.0880022 0.0958007 0.0969752 0.1222590 0.1178944 0.1183201 0.1186980 0.1232407 0.1268641 0.1291501 0.1315658 0.1318272 0.1318978 0.1377584 0.1300412 0.2387622 0.2269072 0.2586850 0.2615951 0.2599860 0.2642889 0.2598856 0.2653967 0.2481380 0.2623465 0.2933807 
G2565-L-SLE-2012  0.0940068 0.0925977 0.0851676 0.0862070 0.0949193 0.0131358 0.0122402 0.0120820 0.0027944 0.0032069 0.0000000 0.0460868 0.0476580 0.1022183 0.1029962 0.1049602 0.1029244 0.1046619 0.1048403 0.1025042 0.1062707 0.1040984 0.1023926 0.1031634 0.1010421 0.1005213 0.0998217 0.0985062 0.0984469 0.1013253 0.1004283 0.0993979 0.0992382 0.0970283 0.0986618 0.0998397 0.0716553 0.1037315 0.1030049 0.1043914 0.0929044 0.0934455 0.0935083 0.0996551 0.0955215 0.0950012 0.0897289 0.0977529 0.1000905 0.1267810 0.1212219 0.1221974 0.1231468 0.1265552 0.1306044 0.1328653 0.1352490 0.1352140 0.1355931 0.1405330 0.1347971 0.2399843 0.2296309 0.2638667 0.2656513 0.2625387 0.2700561 0.2620902 0.2682870 0.2532556 0.2664079 0.2986404 
G2197-L-SLE-2011  0.0923604 0.0899350 0.0863727 0.0889702 0.0939703 0.0435907 0.0427117 0.0430541 0.0451091 0.0441775 0.0460868 0.0000000 0.0421898 0.0976460 0.0997616 0.1020043 0.1010211 0.0999828 0.0999169 0.1010221 0.1052166 0.1001698 0.1022019 0.1020748 0.0998635 0.1016405 0.0987274 0.0982693 0.0980278 0.0983434 0.0961817 0.0968625 0.0968625 0.0960878 0.0977583 0.0964429 0.0694416 0.0994119 0.1012541 0.1032317 0.0913676 0.0907809 0.0892120 0.0932475 0.0893071 0.0906783 0.0874798 0.0953400 0.0939719 0.1229287 0.1220037 0.1210471 0.1210186 0.1252623 0.1298910 0.1307949 0.1308163 0.1308760 0.1309790 0.1401553 0.1295442 0.2517291 0.2400130 0.2690470 0.2686061 0.2662708 0.2733909 0.2662225 0.2721316 0.2542994 0.2659442 0.3079139 
LM032-L-SLE-2010  0.0906714 0.0863817 0.0836930 0.0825564 0.0919763 0.0462063 0.0450823 0.0454244 0.0462470 0.0452464 0.0476580 0.0421898 0.0000000 0.0959682 0.0966171 0.0975905 0.0962254 0.0961307 0.0959987 0.0951267 0.0983282 0.0954723 0.0957247 0.0981189 0.0959891 0.0939333 0.0947868 0.0939433 0.0937421 0.0974569 0.0945263 0.0951321 0.0950813 0.0933439 0.0944037 0.0935247 0.0647495 0.0977280 0.0968940 0.0982584 0.0893582 0.0887625 0.0907376 0.0949456 0.0905946 0.0894963 0.0868665 0.0926110 0.0928488 0.1165399 0.1149736 0.1142367 0.1158916 0.1182110 0.1218241 0.1248541 0.1257128 0.1256681 0.1260260 0.1349148 0.1224400 0.2432983 0.2310367 0.2662155 0.2669125 0.2617104 0.2708427 0.2610976 0.2667738 0.2413839 0.2623464 0.3089394 
G636-L-SLE-2009   0.1015566 0.0995975 0.0912935 0.0966699 0.1041545 0.0985427 0.0964014 0.0968855 0.0998654 0.0979129 0.1022183 0.0976460 0.0959682 0.0000000 0.0055062 0.0243815 0.0407676 0.0795700 0.0800079 0.0784889 0.0824688 0.0778154 0.0803661 0.0802724 0.0779974 0.0802187 0.0780703 0.0762930 0.0757487 0.0793944 0.0779555 0.0796829 0.0800677 0.0746921 0.0768133 0.0758684 0.0488365 0.0785039 0.0822704 0.0804097 0.0989940 0.1021116 0.1041084 0.1086390 0.1035528 0.1013888 0.1000074 0.1026887 0.0995564 0.1218352 0.1179059 0.1190797 0.1235761 0.1206125 0.1261692 0.1305475 0.1309162 0.1306173 0.1312473 0.1346948 0.1344063 0.2362461 0.2269852 0.2574895 0.2584762 0.2539362 0.2619898 0.2529916 0.2621906 0.2462934 0.2548703 0.3001906 
G2315-L-SLE-2012  0.1016240 0.1006582 0.0911175 0.0995799 0.1024260 0.1006931 0.0985031 0.0987352 0.1000212 0.0995283 0.1029962 0.0997616 0.0966171 0.0055062 0.0000000 0.0272992 0.0436890 0.0806696 0.0807176 0.0790494 0.0830713 0.0772519 0.0812098 0.0799426 0.0779357 0.0797323 0.0798263 0.0769316 0.0771319 0.0799548 0.0771312 0.0803422 0.0803422 0.0762926 0.0786894 0.0778946 0.0515004 0.0788818 0.0810730 0.0828550 0.0988550 0.1017269 0.1020778 0.1057074 0.1006368 0.1018388 0.0983477 0.0998820 0.0987412 0.1223057 0.1177436 0.1191443 0.1241920 0.1202345 0.1287247 0.1325705 0.1328753 0.1327882 0.1330229 0.1365557 0.1359579 0.2286729 0.2275992 0.2605761 0.2540277 0.2528795 0.2597932 0.2557702 0.2561789 0.2428836 0.2568219 0.2900031 
G2903-L-SLE-2012  0.1044487 0.1037582 0.0955783 0.1004308 0.1092012 0.1021376 0.1010888 0.1015379 0.1028651 0.1013560 0.1049602 0.1020043 0.0975905 0.0243815 0.0272992 0.0000000 0.0453290 0.0821935 0.0826631 0.0827467 0.0875748 0.0829726 0.0836899 0.0839827 0.0819640 0.0851996 0.0805504 0.0790487 0.0792477 0.0814009 0.0806648 0.0816759 0.0816759 0.0769095 0.0795202 0.0792614 0.0536031 0.0814015 0.0876237 0.0850793 0.1051945 0.1089943 0.1076557 0.1118182 0.1079259 0.1070642 0.1048827 0.1086725 0.1066332 0.1231991 0.1209651 0.1213858 0.1238818 0.1232218 0.1267374 0.1292340 0.1288675 0.1290404 0.1290076 0.1366939 0.1337802 0.2458386 0.2288567 0.2593789 0.2626754 0.2593518 0.2652952 0.2594989 0.2640480 0.2447023 0.2584779 0.2961509 
G3206-L-SLE-2012  0.1000164 0.1005737 0.0925513 0.0969655 0.1048560 0.1000654 0.0987749 0.0992891 0.1020833 0.0998312 0.1029244 0.1010211 0.0962254 0.0407676 0.0436890 0.0453290 0.0000000 0.0802568 0.0795775 0.0804994 0.0838202 0.0802282 0.0814592 0.0828943 0.0813340 0.0834889 0.0793824 0.0781357 0.0779767 0.0776925 0.0791001 0.0776175 0.0775780 0.0747394 0.0777179 0.0755118 0.0496250 0.0788465 0.0827224 0.0795094 0.1002851 0.1035094 0.1060432 0.1075722 0.1026197 0.1036178 0.1024737 0.1067982 0.1024917 0.1231030 0.1181182 0.1189379 0.1236918 0.1223059 0.1268344 0.1298010 0.1303537 0.1306126 0.1306826 0.1339046 0.1330118 0.2352096 0.2287906 0.2624129 0.2578214 0.2615774 0.2628189 0.2616262 0.2554619 0.2456814 0.2481604 0.3018104 
G676-L-SLE-2009   0.0999998 0.1009810 0.0970324 0.0985379 0.1066992 0.1031568 0.1005461 0.1010235 0.1028052 0.1017620 0.1046619 0.0999828 0.0961307 0.0795700 0.0806696 0.0821935 0.0802568 0.0000000 0.0058757 0.0451840 0.0493734 0.0468224 0.0479490 0.0475607 0.0449447 0.0485696 0.0448020 0.0433219 0.0435623 0.0477137 0.0462894 0.0448091 0.0447541 0.0514451 0.0535424 0.0536130 0.0509392 0.0550426 0.0858264 0.0845565 0.0963003 0.1048417 0.1105120 0.1117258 0.1117568 0.1118560 0.1080154 0.1101485 0.1031314 0.1160898 0.1201644 0.1213243 0.1242310 0.1228659 0.1232503 0.1264133 0.1248183 0.1248566 0.1251303 0.1374736 0.1369673 0.2405142 0.2315885 0.2647490 0.2627185 0.2610799 0.2659035 0.2571334 0.2691694 0.2574305 0.2563156 0.3087148 
G2405-L-SLE-2012  0.1001196 0.1019935 0.0976003 0.0979036 0.1082648 0.1030933 0.1004410 0.1009453 0.1021702 0.1017444 0.1048403 0.0999169 0.0959987 0.0800079 0.0807176 0.0826631 0.0795775 0.0058757 0.0000000 0.0445055 0.0484491 0.0454729 0.0474279 0.0468924 0.0442569 0.0476482 0.0440918 0.0427205 0.0433293 0.0473487 0.0459355 0.0446217 0.0445667 0.0505799 0.0526577 0.0541848 0.0504352 0.0552824 0.0848225 0.0837927 0.0970988 0.1036030 0.1096192 0.1115100 0.1097626 0.1102493 0.1070359 0.1093244 0.1032741 0.1177358 0.1209021 0.1218082 0.1242617 0.1232940 0.1230012 0.1254381 0.1241290 0.1240652 0.1244151 0.1357287 0.1392502 0.2405165 0.2290927 0.2662564 0.2652118 0.2611299 0.2670410 0.2582881 0.2713466 0.2569594 0.2566151 0.3093890 
G1190-L-SLE-2010  0.1017768 0.1005196 0.0976397 0.0970246 0.1065843 0.1007331 0.0981723 0.0981941 0.1017147 0.0998047 0.1025042 0.1010221 0.0951267 0.0784889 0.0790494 0.0827467 0.0804994 0.0451840 0.0445055 0.0000000 0.0079067 0.0159638 0.0191168 0.0209378 0.0192512 0.0198880 0.0460638 0.0437223 0.0439577 0.0466562 0.0445306 0.0452787 0.0452156 0.0520317 0.0548700 0.0524244 0.0505484 0.0553667 0.0824915 0.0849899 0.0988185 0.1021901 0.1024645 0.1083780 0.1059504 0.1064936 0.1041672 0.1051361 0.1062350 0.1228044 0.1211613 0.1217603 0.1281504 0.1220841 0.1246984 0.1278829 0.1272970 0.1271019 0.1276174 0.1361897 0.1343422 0.2510074 0.2425292 0.2699914 0.2661677 0.2639906 0.2715694 0.2554715 0.2733831 0.2526736 0.2570824 0.3011721 
G2944-L-SLE-2012  0.1064475 0.1051646 0.1011701 0.1006560 0.1093480 0.1050069 0.1024046 0.1023925 0.1058193 0.1034375 0.1062707 0.1052166 0.0983282 0.0824688 0.0830713 0.0875748 0.0838202 0.0493734 0.0484491 0.0079067 0.0000000 0.0195423 0.0235694 0.0252941 0.0235496 0.0227064 0.0505943 0.0478026 0.0480386 0.0500222 0.0493984 0.0500061 0.0499351 0.0554776 0.0585115 0.0567472 0.0543069 0.0591852 0.0870981 0.0887141 0.1033120 0.1061766 0.1054911 0.1118793 0.1091386 0.1100976 0.1079036 0.1088797 0.1098298 0.1261947 0.1249309 0.1248958 0.1313494 0.1264894 0.1294514 0.1323081 0.1314212 0.1314715 0.1317560 0.1399130 0.1369539 0.2562576 0.2495843 0.2745422 0.2715487 0.2708188 0.2769237 0.2635316 0.2760389 0.2591629 0.2622259 0.3057241 
LM765-L-SLE-2012  0.1018212 0.1013053 0.0974227 0.0965649 0.1037030 0.1006309 0.0989077 0.0988959 0.1023901 0.1009717 0.1040984 0.1001698 0.0954723 0.0778154 0.0772519 0.0829726 0.0802282 0.0468224 0.0454729 0.0159638 0.0195423 0.0000000 0.0208033 0.0223617 0.0202847 0.0199575 0.0456881 0.0443275 0.0446836 0.0470682 0.0471778 0.0474234 0.0474074 0.0528335 0.0542749 0.0557379 0.0515260 0.0565320 0.0832624 0.0840110 0.1020894 0.1038875 0.1071005 0.1114869 0.1077657 0.1103402 0.1085063 0.1083322 0.1063620 0.1219630 0.1210512 0.1212415 0.1261513 0.1182296 0.1277855 0.1300352 0.1302956 0.1303838 0.1304887 0.1382521 0.1366120 0.2540849 0.2430331 0.2713602 0.2687486 0.2634237 0.2681348 0.2591836 0.2702461 0.2562220 0.2633758 0.2996065 
G1727-L-SLE-2011  0.1035122 0.1046029 0.0986891 0.0976387 0.1099830 0.1008202 0.0986659 0.0987065 0.1009304 0.0994767 0.1023926 0.1022019 0.0957247 0.0803661 0.0812098 0.0836899 0.0814592 0.0479490 0.0474279 0.0191168 0.0235694 0.0208033 0.0000000 0.0237365 0.0214092 0.0197503 0.0483676 0.0456387 0.0458862 0.0490139 0.0472261 0.0474266 0.0473678 0.0536479 0.0562489 0.0549531 0.0533128 0.0577693 0.0850940 0.0878967 0.1009561 0.1018656 0.1068221 0.1110086 0.1079452 0.1091559 0.1059109 0.1091670 0.1083527 0.1237884 0.1238114 0.1253934 0.1312117 0.1262639 0.1305780 0.1333899 0.1332233 0.1332767 0.1335631 0.1430976 0.1364287 0.2516502 0.2447079 0.2756799 0.2695765 0.2707392 0.2757927 0.2626000 0.2751341 0.2555415 0.2673140 0.3126598 
Z0947-L-SLE-2011  0.1021994 0.1024650 0.0973878 0.0970264 0.1091862 0.1006648 0.0985297 0.0985702 0.1021190 0.1002008 0.1031634 0.1020748 0.0981189 0.0802724 0.0799426 0.0839827 0.0828943 0.0475607 0.0468924 0.0209378 0.0252941 0.0223617 0.0237365 0.0000000 0.0034699 0.0245670 0.0458834 0.0449113 0.0451568 0.0491147 0.0469777 0.0471775 0.0471192 0.0518599 0.0548261 0.0536816 0.0511183 0.0560436 0.0829386 0.0846233 0.0996185 0.1032600 0.1064993 0.1105534 0.1074721 0.1088444 0.1065533 0.1076065 0.1034917 0.1209547 0.1206411 0.1216897 0.1265537 0.1215786 0.1258848 0.1286310 0.1300518 0.1300995 0.1303815 0.1372532 0.1339809 0.2488389 0.2413775 0.2680031 0.2656362 0.2648382 0.2726071 0.2576581 0.2720086 0.2506418 0.2657356 0.2998597 
Z0948-L-SLE-2011  0.1000048 0.1002952 0.0953338 0.0945115 0.1064558 0.0985704 0.0964391 0.0965012 0.0999931 0.0980220 0.1010421 0.0998635 0.0959891 0.0779974 0.0779357 0.0819640 0.0813340 0.0449447 0.0442569 0.0192512 0.0235496 0.0202847 0.0214092 0.0034699 0.0000000 0.0218870 0.0430662 0.0433309 0.0435410 0.0468153 0.0450112 0.0448603 0.0448208 0.0503783 0.0529374 0.0512728 0.0496631 0.0538814 0.0810275 0.0822965 0.0979671 0.1010292 0.1043558 0.1085759 0.1058503 0.1069674 0.1043074 0.1053282 0.1026473 0.1195543 0.1191911 0.1202595 0.1252406 0.1204608 0.1239970 0.1266605 0.1280604 0.1281045 0.1283832 0.1351455 0.1324293 0.2454242 0.2384617 0.2629945 0.2623820 0.2612563 0.2689930 0.2550468 0.2682116 0.2476449 0.2616518 0.2981328 
G3148-L-SLE-2012  0.1002574 0.1017473 0.0961291 0.0966083 0.1026526 0.1001605 0.0986984 0.0982511 0.1007793 0.0985063 0.1005213 0.1016405 0.0939333 0.0802187 0.0797323 0.0851996 0.0834889 0.0485696 0.0476482 0.0198880 0.0227064 0.0199575 0.0197503 0.0245670 0.0218870 0.0000000 0.0482181 0.0472117 0.0473799 0.0468046 0.0469888 0.0477830 0.0477830 0.0536433 0.0558359 0.0557368 0.0528591 0.0578101 0.0844835 0.0838731 0.1010283 0.1017071 0.1063503 0.1099019 0.1079470 0.1089123 0.1085364 0.1096273 0.1060099 0.1228060 0.1214179 0.1217723 0.1297729 0.1226958 0.1284038 0.1303961 0.1303132 0.1305032 0.1305735 0.1384674 0.1344585 0.2464960 0.2375627 0.2622945 0.2609766 0.2597405 0.2631067 0.2539114 0.2679093 0.2497109 0.2573748 0.3009168 
G1647-L-SLE-2011  0.0995444 0.0982372 0.0959759 0.0932586 0.1015488 0.0978462 0.0953454 0.0962075 0.0988724 0.0971868 0.0998217 0.0987274 0.0947868 0.0780703 0.0798263 0.0805504 0.0793824 0.0448020 0.0440918 0.0460638 0.0505943 0.0456881 0.0483676 0.0458834 0.0430662 0.0482181 0.0000000 0.0280626 0.0280865 0.0472142 0.0459335 0.0468662 0.0469855 0.0530006 0.0539868 0.0538354 0.0488365 0.0558314 0.0846021 0.0826941 0.0943152 0.1016598 0.1060732 0.1099933 0.1069394 0.1062475 0.1025670 0.1087159 0.1054974 0.1188797 0.1195791 0.1183376 0.1216148 0.1175200 0.1244869 0.1273585 0.1302604 0.1302200 0.1305906 0.1366746 0.1328866 0.2412876 0.2349545 0.2609307 0.2573652 0.2599401 0.2623612 0.2511431 0.2653049 0.2527426 0.2565795 0.2979076 
G2295-L-SLE-2012  0.0982420 0.0971955 0.0939313 0.0935532 0.1036809 0.0958063 0.0937208 0.0941859 0.0965046 0.0951895 0.0985062 0.0982693 0.0939433 0.0762930 0.0769316 0.0790487 0.0781357 0.0433219 0.0427205 0.0437223 0.0478026 0.0443275 0.0456387 0.0449113 0.0433309 0.0472117 0.0280626 0.0000000 0.0009667 0.0438215 0.0436257 0.0437509 0.0436972 0.0493444 0.0514025 0.0521522 0.0476835 0.0523239 0.0821384 0.0814633 0.0950495 0.1028024 0.1046741 0.1071400 0.1051731 0.1058138 0.1017045 0.1081029 0.1032334 0.1150589 0.1190138 0.1191939 0.1225657 0.1183687 0.1265760 0.1283110 0.1291909 0.1292369 0.1295171 0.1329891 0.1339265 0.2402490 0.2329337 0.2615910 0.2597186 0.2587167 0.2613179 0.2534267 0.2682149 0.2553096 0.2568952 0.3031944 
G2587-L-SLE-2012  0.0985280 0.0975298 0.0942953 0.0937755 0.1036439 0.0957446 0.0936529 0.0941228 0.0969888 0.0949529 0.0984469 0.0980278 0.0937421 0.0757487 0.0771319 0.0792477 0.0779767 0.0435623 0.0433293 0.0439577 0.0480386 0.0446836 0.0458862 0.0451568 0.0435410 0.0473799 0.0280865 0.0009667 0.0000000 0.0440640 0.0435849 0.0439161 0.0439161 0.0495819 0.0513527 0.0523683 0.0475402 0.0529497 0.0824842 0.0817923 0.0958786 0.1034586 0.1050658 0.1077760 0.1057577 0.1060399 0.1019815 0.1082084 0.1031092 0.1154800 0.1192999 0.1193735 0.1230591 0.1182122 0.1269965 0.1288490 0.1293982 0.1294446 0.1293637 0.1341070 0.1337382 0.2395998 0.2325254 0.2602646 0.2597832 0.2585629 0.2608234 0.2526184 0.2671854 0.2550765 0.2570249 0.3025200 
G2280-L-SLE-2012  0.1033087 0.1005639 0.0935419 0.0978879 0.1092158 0.0993363 0.0970129 0.0966228 0.0989410 0.0970646 0.1013253 0.0983434 0.0974569 0.0793944 0.0799548 0.0814009 0.0776925 0.0477137 0.0473487 0.0466562 0.0500222 0.0470682 0.0490139 0.0491147 0.0468153 0.0468046 0.0472142 0.0438215 0.0440640 0.0000000 0.0194129 0.0232942 0.0232672 0.0548920 0.0554247 0.0530797 0.0501613 0.0564564 0.0850898 0.0848498 0.0974098 0.1047384 0.1062199 0.1088326 0.1053459 0.1048622 0.1029896 0.1047717 0.1037489 0.1203663 0.1170021 0.1159929 0.1278733 0.1231887 0.1259604 0.1276847 0.1288204 0.1288657 0.1291451 0.1355516 0.1332114 0.2393757 0.2319225 0.2572939 0.2576639 0.2561513 0.2592908 0.2515880 0.2739400 0.2469920 0.2594349 0.2964453 
G2612-L-SLE-2012  0.1014455 0.1003304 0.0933622 0.0937817 0.1067129 0.0983003 0.0960357 0.0964542 0.0986226 0.0966192 0.1004283 0.0961817 0.0945263 0.0779555 0.0771312 0.0806648 0.0791001 0.0462894 0.0459355 0.0445306 0.0493984 0.0471778 0.0472261 0.0469777 0.0450112 0.0469888 0.0459335 0.0436257 0.0435849 0.0194129 0.0000000 0.0210054 0.0210054 0.0519738 0.0530020 0.0515312 0.0490005 0.0546137 0.0791888 0.0846234 0.0969110 0.1033912 0.1054298 0.1089587 0.1071237 0.1054944 0.1027172 0.1046669 0.1045224 0.1176939 0.1133461 0.1137475 0.1249027 0.1208836 0.1245334 0.1260689 0.1263912 0.1264523 0.1259898 0.1345273 0.1303769 0.2435715 0.2325017 0.2596497 0.2616701 0.2566387 0.2629109 0.2522656 0.2742399 0.2470096 0.2634776 0.2952925 
G3016-L-SLE-2012  0.1002527 0.0984707 0.0904761 0.0951677 0.1045055 0.0972972 0.0949655 0.0954560 0.0974695 0.0954240 0.0993979 0.0968625 0.0951321 0.0796829 0.0803422 0.0816759 0.0776175 0.0448091 0.0446217 0.0452787 0.0500061 0.0474234 0.0474266 0.0471775 0.0448603 0.0477830 0.0468662 0.0437509 0.0439161 0.0232942 0.0210054 0.0000000 0.0000010 0.0534611 0.0553469 0.0524947 0.0483652 0.0552109 0.0822898 0.0840707 0.0976669 0.1037553 0.1040742 0.1072737 0.1048453 0.1044383 0.1022918 0.1067818 0.1020216 0.1233537 0.1180979 0.1186234 0.1290563 0.1204973 0.1282285 0.1286743 0.1285604 0.1286055 0.1288855 0.1400665 0.1343910 0.2497273 0.2387076 0.2618697 0.2640781 0.2623074 0.2671573 0.2574173 0.2747068 0.2496431 0.2676798 0.3019156 
G3106-L-SLE-2012  0.1001553 0.0983116 0.0903340 0.0951677 0.1040831 0.0971418 0.0948328 0.0953045 0.0973124 0.0954059 0.0992382 0.0968625 0.0950813 0.0800677 0.0803422 0.0816759 0.0775780 0.0447541 0.0445667 0.0452156 0.0499351 0.0474074 0.0473678 0.0471192 0.0448208 0.0477830 0.0469855 0.0436972 0.0439161 0.0232672 0.0210054 0.0000010 0.0000000 0.0533853 0.0553469 0.0524389 0.0487029 0.0551413 0.0821787 0.0839417 0.0975296 0.1037553 0.1039056 0.1073304 0.1048037 0.1044383 0.1021918 0.1067818 0.1018806 0.1231460 0.1179963 0.1186234 0.1290827 0.1204973 0.1280366 0.1285733 0.1285604 0.1286055 0.1288855 0.1400665 0.1343910 0.2492155 0.2387076 0.2618697 0.2635237 0.2623074 0.2670192 0.2574173 0.2743495 0.2493236 0.2671784 0.3012596 
G1774-L-SLE-2011  0.0972205 0.0954638 0.0924018 0.0935441 0.1042652 0.0946043 0.0925619 0.0930046 0.0959990 0.0947986 0.0970283 0.0960878 0.0933439 0.0746921 0.0762926 0.0769095 0.0747394 0.0514451 0.0505799 0.0520317 0.0554776 0.0528335 0.0536479 0.0518599 0.0503783 0.0536433 0.0530006 0.0493444 0.0495819 0.0548920 0.0519738 0.0534611 0.0533853 0.0000000 0.0137014 0.0290801 0.0474407 0.0538628 0.0798019 0.0809543 0.0957968 0.0994651 0.1030751 0.1056684 0.1046996 0.1042081 0.1000017 0.1048036 0.1008509 0.1151447 0.1170065 0.1178270 0.1219998 0.1205499 0.1212351 0.1248092 0.1239441 0.1238975 0.1242534 0.1329281 0.1315638 0.2414987 0.2324501 0.2588304 0.2559739 0.2556319 0.2587400 0.2567759 0.2638797 0.2474019 0.2558482 0.2938456 
G2222-L-SLE-2011  0.1012609 0.0970726 0.0955420 0.0989310 0.1064865 0.0963568 0.0943194 0.0947353 0.0971970 0.0958801 0.0986618 0.0977583 0.0944037 0.0768133 0.0786894 0.0795202 0.0777179 0.0535424 0.0526577 0.0548700 0.0585115 0.0542749 0.0562489 0.0548261 0.0529374 0.0558359 0.0539868 0.0514025 0.0513527 0.0554247 0.0530020 0.0553469 0.0553469 0.0137014 0.0000000 0.0306002 0.0493072 0.0562166 0.0820525 0.0828407 0.0971335 0.1001170 0.1064162 0.1079014 0.1078572 0.1062978 0.1020069 0.1052964 0.1026897 0.1168223 0.1193560 0.1197947 0.1248102 0.1200318 0.1268039 0.1295895 0.1285162 0.1282375 0.1287064 0.1336587 0.1332978 0.2447594 0.2379438 0.2614945 0.2637137 0.2574926 0.2643036 0.2596344 0.2675649 0.2558946 0.2552801 0.3018169 
LM395-L-SLE-2009  0.0996838 0.0974333 0.0946854 0.0976054 0.1078712 0.0977186 0.0952333 0.0956490 0.0986544 0.0972024 0.0998397 0.0964429 0.0935247 0.0758684 0.0778946 0.0792614 0.0755118 0.0536130 0.0541848 0.0524244 0.0567472 0.0557379 0.0549531 0.0536816 0.0512728 0.0557368 0.0538354 0.0521522 0.0523683 0.0530797 0.0515312 0.0524947 0.0524389 0.0290801 0.0306002 0.0000000 0.0458268 0.0536360 0.0800258 0.0803582 0.0962872 0.0989326 0.1027605 0.1064532 0.1040979 0.1035472 0.1018591 0.1053053 0.0999402 0.1164169 0.1157994 0.1158719 0.1198462 0.1234696 0.1230581 0.1258628 0.1260364 0.1260766 0.1263504 0.1317781 0.1268605 0.2449241 0.2371658 0.2589876 0.2592428 0.2578619 0.2632559 0.2572226 0.2681362 0.2507917 0.2539189 0.2977406 
Josiah-L-SLE-1976 0.0711760 0.0716870 0.0653570 0.0694286 0.0761855 0.0695015 0.0669505 0.0673638 0.0708518 0.0687829 0.0716553 0.0694416 0.0647495 0.0488365 0.0515004 0.0536031 0.0496250 0.0509392 0.0504352 0.0505484 0.0543069 0.0515260 0.0533128 0.0511183 0.0496631 0.0528591 0.0488365 0.0476835 0.0475402 0.0501613 0.0490005 0.0483652 0.0487029 0.0474407 0.0493072 0.0458268 0.0000000 0.0506158 0.0511026 0.0546718 0.0696137 0.0723325 0.0757270 0.0804144 0.0748518 0.0775492 0.0730837 0.0773587 0.0768086 0.0905967 0.0868023 0.0866903 0.0933281 0.0921529 0.0973198 0.1002730 0.0991296 0.0990594 0.0993633 0.1070918 0.1020477 0.2176995 0.2121351 0.2402251 0.2399011 0.2353278 0.2444675 0.2347123 0.2469909 0.2220384 0.2353488 0.2756659 
G692-L-SLE-2009   0.0965810 0.1004329 0.0973256 0.0975080 0.1058424 0.1015731 0.0983867 0.0992950 0.1022565 0.1003351 0.1037315 0.0994119 0.0977280 0.0785039 0.0788818 0.0814015 0.0788465 0.0550426 0.0552824 0.0553667 0.0591852 0.0565320 0.0577693 0.0560436 0.0538814 0.0578101 0.0558314 0.0523239 0.0529497 0.0564564 0.0546137 0.0552109 0.0551413 0.0538628 0.0562166 0.0536360 0.0506158 0.0000000 0.0856639 0.0845206 0.1025106 0.1042233 0.1053882 0.1106025 0.1080487 0.1098449 0.1039636 0.1089753 0.1072071 0.1168639 0.1200074 0.1203204 0.1254924 0.1204261 0.1234158 0.1300773 0.1285039 0.1285488 0.1288283 0.1317512 0.1373862 0.2383236 0.2268900 0.2576613 0.2551184 0.2538454 0.2581802 0.2508951 0.2551273 0.2480519 0.2571016 0.3046858 
G2868-L-SLE-2012  0.1024544 0.1047511 0.0925576 0.0989743 0.1069659 0.0990184 0.0983834 0.0993043 0.1015865 0.0997922 0.1030049 0.1012541 0.0968940 0.0822704 0.0810730 0.0876237 0.0827224 0.0858264 0.0848225 0.0824915 0.0870981 0.0832624 0.0850940 0.0829386 0.0810275 0.0844835 0.0846021 0.0821384 0.0824842 0.0850898 0.0791888 0.0822898 0.0821787 0.0798019 0.0820525 0.0800258 0.0511026 0.0856639 0.0000000 0.0670496 0.1008553 0.1020582 0.1075761 0.1104532 0.1067314 0.1076733 0.1037855 0.1096552 0.1081454 0.1228841 0.1131738 0.1161581 0.1290242 0.1253572 0.1287674 0.1313085 0.1316633 0.1316246 0.1319962 0.1351424 0.1328339 0.2488301 0.2391152 0.2677136 0.2669984 0.2690257 0.2755873 0.2648250 0.2722501 0.2455258 0.2608360 0.3201650 
G808-L-SLE-2010   0.1012702 0.1100126 0.0998693 0.1022262 0.1129794 0.1008297 0.0980276 0.0987338 0.1026189 0.1003799 0.1043914 0.1032317 0.0982584 0.0804097 0.0828550 0.0850793 0.0795094 0.0845565 0.0837927 0.0849899 0.0887141 0.0840110 0.0878967 0.0846233 0.0822965 0.0838731 0.0826941 0.0814633 0.0817923 0.0848498 0.0846234 0.0840707 0.0839417 0.0809543 0.0828407 0.0803582 0.0546718 0.0845206 0.0670496 0.0000000 0.1099079 0.1119389 0.1101904 0.1148102 0.1137498 0.1131737 0.1092699 0.1138430 0.1138909 0.1204499 0.1143872 0.1164534 0.1279213 0.1288261 0.1304147 0.1309116 0.1338121 0.1337754 0.1341530 0.1376199 0.1379981 0.2433203 0.2419667 0.2629666 0.2686417 0.2599079 0.2705662 0.2617493 0.2711171 0.2547829 0.2664568 0.3068640 
G1959-L-SLE-2011  0.0943527 0.0936381 0.0877735 0.0862809 0.1019702 0.0901878 0.0875929 0.0876403 0.0904105 0.0894725 0.0929044 0.0913676 0.0893582 0.0989940 0.0988550 0.1051945 0.1002851 0.0963003 0.0970988 0.0988185 0.1033120 0.1020894 0.1009561 0.0996185 0.0979671 0.1010283 0.0943152 0.0950495 0.0958786 0.0974098 0.0969110 0.0976669 0.0975296 0.0957968 0.0971335 0.0962872 0.0696137 0.1025106 0.1008553 0.1099079 0.0000000 0.0283246 0.1005287 0.1011300 0.0986532 0.0977009 0.0929113 0.0992082 0.0964626 0.1282736 0.1241494 0.1223371 0.1303689 0.1336792 0.1296408 0.1323294 0.1330228 0.1329855 0.1333597 0.1437250 0.1366412 0.2391440 0.2312160 0.2752953 0.2713384 0.2709168 0.2750505 0.2696336 0.2685406 0.2507770 0.2623671 0.3080326 
G3010-L-SLE-2012  0.0964137 0.0956286 0.0910246 0.0872876 0.1025607 0.0901583 0.0884342 0.0884366 0.0917078 0.0900986 0.0934455 0.0907809 0.0887625 0.1021116 0.1017269 0.1089943 0.1035094 0.1048417 0.1036030 0.1021901 0.1061766 0.1038875 0.1018656 0.1032600 0.1010292 0.1017071 0.1016598 0.1028024 0.1034586 0.1047384 0.1033912 0.1037553 0.1037553 0.0994651 0.1001170 0.0989326 0.0723325 0.1042233 0.1020582 0.1119389 0.0283246 0.0000000 0.1024344 0.1047149 0.0992328 0.1008102 0.0963817 0.1008665 0.1007811 0.1297060 0.1237659 0.1219851 0.1323967 0.1313911 0.1331050 0.1358139 0.1370375 0.1373120 0.1373860 0.1477466 0.1354588 0.2343500 0.2251259 0.2623052 0.2640169 0.2644837 0.2686756 0.2606480 0.2684441 0.2468476 0.2607447 0.3080249 
G2165-L-SLE-2011  0.0900364 0.0891379 0.0852998 0.0892073 0.0971720 0.0923477 0.0905991 0.0910496 0.0930737 0.0911305 0.0935083 0.0892120 0.0907376 0.1041084 0.1020778 0.1076557 0.1060432 0.1105120 0.1096192 0.1024645 0.1054911 0.1071005 0.1068221 0.1064993 0.1043558 0.1063503 0.1060732 0.1046741 0.1050658 0.1062199 0.1054298 0.1040742 0.1039056 0.1030751 0.1064162 0.1027605 0.0757270 0.1053882 0.1075761 0.1101904 0.1005287 0.1024344 0.0000000 0.0289916 0.0257987 0.0265096 0.0241975 0.0276329 0.0939027 0.1292222 0.1268730 0.1255017 0.1293808 0.1306736 0.1318190 0.1347204 0.1353381 0.1353946 0.1356813 0.1400897 0.1350134 0.2395311 0.2326211 0.2602803 0.2608119 0.2650838 0.2652657 0.2554488 0.2678444 0.2441875 0.2586961 0.2959234 
G2184-L-SLE-2011  0.0963356 0.0963021 0.0915013 0.0923170 0.1014117 0.0980802 0.0963223 0.0967319 0.0992760 0.0974945 0.0996551 0.0932475 0.0949456 0.1086390 0.1057074 0.1118182 0.1075722 0.1117258 0.1115100 0.1083780 0.1118793 0.1114869 0.1110086 0.1105534 0.1085759 0.1099019 0.1099933 0.1071400 0.1077760 0.1088326 0.1089587 0.1072737 0.1073304 0.1056684 0.1079014 0.1064532 0.0804144 0.1106025 0.1104532 0.1148102 0.1011300 0.1047149 0.0289916 0.0000000 0.0186109 0.0193664 0.0279649 0.0327746 0.0998761 0.1367100 0.1322226 0.1292078 0.1350097 0.1363112 0.1382228 0.1415268 0.1429429 0.1430134 0.1433119 0.1460042 0.1409286 0.2451553 0.2366221 0.2680551 0.2625210 0.2685805 0.2720870 0.2606765 0.2790758 0.2554668 0.2635676 0.2963899 
LM776-L-SLE-2012  0.0912859 0.0942365 0.0870418 0.0857634 0.0929020 0.0928131 0.0910369 0.0914712 0.0933765 0.0926763 0.0955215 0.0893071 0.0905946 0.1035528 0.1006368 0.1079259 0.1026197 0.1117568 0.1097626 0.1059504 0.1091386 0.1077657 0.1079452 0.1074721 0.1058503 0.1079470 0.1069394 0.1051731 0.1057577 0.1053459 0.1071237 0.1048453 0.1048037 0.1046996 0.1078572 0.1040979 0.0748518 0.1080487 0.1067314 0.1137498 0.0986532 0.0992328 0.0257987 0.0186109 0.0000000 0.0121101 0.0249555 0.0283051 0.0949447 0.1309600 0.1267897 0.1247119 0.1303404 0.1271020 0.1336794 0.1370587 0.1373561 0.1371132 0.1375329 0.1362388 0.1342986 0.2333913 0.2276589 0.2641853 0.2585223 0.2613537 0.2685334 0.2561697 0.2691750 0.2402688 0.2612371 0.2968406 
LM774-L-SLE-2012  0.0900397 0.0930021 0.0882805 0.0882932 0.0977691 0.0932600 0.0923249 0.0929868 0.0942170 0.0935068 0.0950012 0.0906783 0.0894963 0.1013888 0.1018388 0.1070642 0.1036178 0.1118560 0.1102493 0.1064936 0.1100976 0.1103402 0.1091559 0.1088444 0.1069674 0.1089123 0.1062475 0.1058138 0.1060399 0.1048622 0.1054944 0.1044383 0.1044383 0.1042081 0.1062978 0.1035472 0.0775492 0.1098449 0.1076733 0.1131737 0.0977009 0.1008102 0.0265096 0.0193664 0.0121101 0.0000000 0.0259051 0.0299221 0.0945555 0.1318161 0.1246181 0.1230810 0.1316115 0.1301756 0.1351081 0.1379364 0.1391020 0.1392943 0.1392579 0.1439791 0.1381191 0.2358688 0.2331014 0.2635280 0.2564978 0.2648200 0.2661211 0.2586976 0.2642523 0.2439332 0.2600679 0.2878687 
LM222-L-SLE-2010  0.0870200 0.0873346 0.0789589 0.0836841 0.0877215 0.0888008 0.0868899 0.0873067 0.0893102 0.0880022 0.0897289 0.0874798 0.0868665 0.1000074 0.0983477 0.1048827 0.1024737 0.1080154 0.1070359 0.1041672 0.1079036 0.1085063 0.1059109 0.1065533 0.1043074 0.1085364 0.1025670 0.1017045 0.1019815 0.1029896 0.1027172 0.1022918 0.1021918 0.1000017 0.1020069 0.1018591 0.0730837 0.1039636 0.1037855 0.1092699 0.0929113 0.0963817 0.0241975 0.0279649 0.0249555 0.0259051 0.0000000 0.0194233 0.0918296 0.1277826 0.1237396 0.1221714 0.1282276 0.1248036 0.1292479 0.1327343 0.1331793 0.1330551 0.1333732 0.1324254 0.1281704 0.2334480 0.2272838 0.2616521 0.2592688 0.2617097 0.2675449 0.2535687 0.2668402 0.2441476 0.2649082 0.2935260 
LM778-L-SLE-2012  0.0916132 0.0924765 0.0844422 0.0872865 0.0992150 0.0958086 0.0948569 0.0950933 0.0972324 0.0958007 0.0977529 0.0953400 0.0926110 0.1026887 0.0998820 0.1086725 0.1067982 0.1101485 0.1093244 0.1051361 0.1088797 0.1083322 0.1091670 0.1076065 0.1053282 0.1096273 0.1087159 0.1081029 0.1082084 0.1047717 0.1046669 0.1067818 0.1067818 0.1048036 0.1052964 0.1053053 0.0773587 0.1089753 0.1096552 0.1138430 0.0992082 0.1008665 0.0276329 0.0327746 0.0283051 0.0299221 0.0194233 0.0000000 0.0949006 0.1305886 0.1288690 0.1257012 0.1317453 0.1334576 0.1333675 0.1362356 0.1354862 0.1356676 0.1356332 0.1380789 0.1317446 0.2416707 0.2326113 0.2595508 0.2612217 0.2618807 0.2680016 0.2545412 0.2769506 0.2556204 0.2682762 0.2986594 
G2318-L-SLE-2012  0.0938782 0.0929017 0.0876480 0.0869111 0.0957632 0.0960495 0.0942981 0.0938475 0.0987577 0.0969752 0.1000905 0.0939719 0.0928488 0.0995564 0.0987412 0.1066332 0.1024917 0.1031314 0.1032741 0.1062350 0.1098298 0.1063620 0.1083527 0.1034917 0.1026473 0.1060099 0.1054974 0.1032334 0.1031092 0.1037489 0.1045224 0.1020216 0.1018806 0.1008509 0.1026897 0.0999402 0.0768086 0.1072071 0.1081454 0.1138909 0.0964626 0.1007811 0.0939027 0.0998761 0.0949447 0.0945555 0.0918296 0.0949006 0.0000000 0.1293961 0.1265611 0.1252148 0.1320403 0.1302227 0.1359585 0.1393636 0.1414149 0.1409585 0.1417803 0.1476772 0.1395373 0.2476816 0.2374334 0.2722848 0.2725742 0.2714330 0.2786823 0.2719492 0.2696066 0.2586846 0.2592441 0.3098332 
G733-L-SLE-2010   0.1261654 0.1276104 0.1188384 0.1203233 0.1316618 0.1226776 0.1211375 0.1210932 0.1247944 0.1222590 0.1267810 0.1229287 0.1165399 0.1218352 0.1223057 0.1231991 0.1231030 0.1160898 0.1177358 0.1228044 0.1261947 0.1219630 0.1237884 0.1209547 0.1195543 0.1228060 0.1188797 0.1150589 0.1154800 0.1203663 0.1176939 0.1233537 0.1231460 0.1151447 0.1168223 0.1164169 0.0905967 0.1168639 0.1228841 0.1204499 0.1282736 0.1297060 0.1292222 0.1367100 0.1309600 0.1318161 0.1277826 0.1305886 0.1293961 0.0000000 0.0601273 0.0577989 0.0594687 0.1170947 0.1122868 0.1194504 0.1191172 0.1186970 0.1194092 0.1217822 0.1310879 0.2285490 0.2208832 0.2473936 0.2514073 0.2499118 0.2561130 0.2406504 0.2647682 0.2518067 0.2533524 0.2986173 
G1618-L-SLE-2011  0.1207492 0.1215880 0.1089759 0.1180210 0.1286609 0.1179223 0.1168043 0.1167899 0.1202990 0.1178944 0.1212219 0.1220037 0.1149736 0.1179059 0.1177436 0.1209651 0.1181182 0.1201644 0.1209021 0.1211613 0.1249309 0.1210512 0.1238114 0.1206411 0.1191911 0.1214179 0.1195791 0.1190138 0.1192999 0.1170021 0.1133461 0.1180979 0.1179963 0.1170065 0.1193560 0.1157994 0.0868023 0.1200074 0.1131738 0.1143872 0.1241494 0.1237659 0.1268730 0.1322226 0.1267897 0.1246181 0.1237396 0.1288690 0.1265611 0.0601273 0.0000000 0.0135690 0.0563036 0.1206718 0.1080962 0.1125259 0.1119180 0.1116150 0.1121943 0.1152673 0.1248845 0.2230940 0.2146171 0.2457458 0.2489093 0.2441965 0.2537690 0.2451054 0.2535383 0.2470388 0.2523151 0.2886922 
G1646-L-SLE-2011  0.1210503 0.1216950 0.1130021 0.1192566 0.1298026 0.1189132 0.1174076 0.1169285 0.1204675 0.1183201 0.1221974 0.1210471 0.1142367 0.1190797 0.1191443 0.1213858 0.1189379 0.1213243 0.1218082 0.1217603 0.1248958 0.1212415 0.1253934 0.1216897 0.1202595 0.1217723 0.1183376 0.1191939 0.1193735 0.1159929 0.1137475 0.1186234 0.1186234 0.1178270 0.1197947 0.1158719 0.0866903 0.1203204 0.1161581 0.1164534 0.1223371 0.1219851 0.1255017 0.1292078 0.1247119 0.1230810 0.1221714 0.1257012 0.1252148 0.0577989 0.0135690 0.0000000 0.0560156 0.1189274 0.1079359 0.1121373 0.1114893 0.1111571 0.1117588 0.1135990 0.1263272 0.2246472 0.2206981 0.2447696 0.2467648 0.2460995 0.2548088 0.2440992 0.2611297 0.2473449 0.2493885 0.2881466 
G2554-L-SLE-2012  0.1289439 0.1290802 0.1217082 0.1233024 0.1367726 0.1196894 0.1172760 0.1173555 0.1209076 0.1186980 0.1231468 0.1210186 0.1158916 0.1235761 0.1241920 0.1238818 0.1236918 0.1242310 0.1242617 0.1281504 0.1313494 0.1261513 0.1312117 0.1265537 0.1252406 0.1297729 0.1216148 0.1225657 0.1230591 0.1278733 0.1249027 0.1290563 0.1290827 0.1219998 0.1248102 0.1198462 0.0933281 0.1254924 0.1290242 0.1279213 0.1303689 0.1323967 0.1293808 0.1350097 0.1303404 0.1316115 0.1282276 0.1317453 0.1320403 0.0594687 0.0563036 0.0560156 0.0000000 0.1246859 0.1161279 0.1212919 0.1201067 0.1199790 0.1202565 0.1243897 0.1349916 0.2341761 0.2262847 0.2620564 0.2609352 0.2578160 0.2655397 0.2560903 0.2771319 0.2572908 0.2672916 0.3049419 
NL-L-SLE-2000     0.1215452 0.1238412 0.1131920 0.1190838 0.1280442 0.1208591 0.1189952 0.1194677 0.1250148 0.1232407 0.1265552 0.1252623 0.1182110 0.1206125 0.1202345 0.1232218 0.1223059 0.1228659 0.1232940 0.1220841 0.1264894 0.1182296 0.1262639 0.1215786 0.1204608 0.1226958 0.1175200 0.1183687 0.1182122 0.1231887 0.1208836 0.1204973 0.1204973 0.1205499 0.1200318 0.1234696 0.0921529 0.1204261 0.1253572 0.1288261 0.1336792 0.1313911 0.1306736 0.1363112 0.1271020 0.1301756 0.1248036 0.1334576 0.1302227 0.1170947 0.1206718 0.1189274 0.1246859 0.0000000 0.1207681 0.1255372 0.1281718 0.1279831 0.1281977 0.1266064 0.1327885 0.2443045 0.2409698 0.2656802 0.2642868 0.2624965 0.2679122 0.2580162 0.2705922 0.2539478 0.2671272 0.3032118 
