72
G502-S-SLE-2009   0.0000000 0.0440566 0.0507439 0.0679828 0.0684021 0.0692402 0.0707050 0.0719176 0.0709633 0.0759927 0.0733116 0.0884092 0.0886514 0.0915622 0.0929455 0.0930705 0.0972583 0.0850923 0.0869981 0.0850650 0.0893456 0.0855145 0.0864566 0.0830363 0.0872046 0.0902522 0.0869566 0.0908830 0.0915007 0.0924436 0.0925204 0.0948605 0.0948605 0.0887412 0.0913936 0.0877476 0.0603272 0.0880965 0.0795595 0.0710375 0.0733572 0.0750046 0.0760208 0.0756162 0.0953366 0.0693626 0.0784942 0.0804224 0.0823876 0.0893986 0.0983489 0.0882482 0.1024059 0.0925780 0.1077649 0.1105389 0.1107631 0.1108501 0.1057805 0.1070968 0.1054870 0.1849141 0.1986111 0.2101038 0.2091118 0.2064678 0.1988525 0.1883778 0.2087247 0.2097911 0.2089099 0.2108514 
G1180-S-SLE-2010  0.0440566 0.0000000 0.0496455 0.0658032 0.0653875 0.0662230 0.0666696 0.0675826 0.0679169 0.0737350 0.0707278 0.0778735 0.0790974 0.0823471 0.0841479 0.0868182 0.0917847 0.0746568 0.0782348 0.0812751 0.0858379 0.0781486 0.0781759 0.0819339 0.0824118 0.0857767 0.0835417 0.0876308 0.0881634 0.0886482 0.0886342 0.0932502 0.0932502 0.0858351 0.0873157 0.0824827 0.0555454 0.0804928 0.0768624 0.0691259 0.0671555 0.0720306 0.0730896 0.0727150 0.0911039 0.0679539 0.0666142 0.0706950 0.0788505 0.0923164 0.0973511 0.0894838 0.1041549 0.0889347 0.1083085 0.1090863 0.1092629 0.1093494 0.1069306 0.1056211 0.1003191 0.1871801 0.2039125 0.2178566 0.2111068 0.2084580 0.2076518 0.1986627 0.2213039 0.2081858 0.2114097 0.2130139 
G2147-S-SLE-2011  0.0507439 0.0496455 0.0000000 0.0687096 0.0682885 0.0691350 0.0731624 0.0726966 0.0734213 0.0707169 0.0714673 0.0853900 0.0853572 0.0916168 0.0882559 0.0865758 0.0915864 0.0781871 0.0864275 0.0830763 0.0838889 0.0812479 0.0821456 0.0814640 0.0856041 0.0849621 0.0827635 0.0904558 0.0910336 0.0876574 0.0834680 0.0894770 0.0894770 0.0836433 0.0856637 0.0808203 0.0594699 0.0838796 0.0816419 0.0724505 0.0744136 0.0778525 0.0766288 0.0771264 0.0925572 0.0695422 0.0692804 0.0732646 0.0818878 0.0912764 0.0918751 0.0847190 0.1006796 0.0887953 0.1018291 0.1025578 0.1027647 0.1028450 0.1049117 0.1013137 0.0996077 0.1824150 0.1898044 0.2043384 0.1977617 0.1933571 0.1962936 0.1776938 0.1968429 0.1874340 0.2086571 0.1905149 
G610-S-SLE-2009   0.0679828 0.0658032 0.0687096 0.0000000 0.0002943 0.0008831 0.0050769 0.0050689 0.0056684 0.0432289 0.0416179 0.0808093 0.0799705 0.0869453 0.0821565 0.0800470 0.0821633 0.0715901 0.0784537 0.0737963 0.0777620 0.0725908 0.0735038 0.0752741 0.0766676 0.0769771 0.0765380 0.0815605 0.0821350 0.0820537 0.0793850 0.0829731 0.0829731 0.0773367 0.0779523 0.0751501 0.0535889 0.0824163 0.0680462 0.0647483 0.0616523 0.0666485 0.0659448 0.0655262 0.0824742 0.0685681 0.0698058 0.0686995 0.0717753 0.0901580 0.0903425 0.0841593 0.0997344 0.0899606 0.0971425 0.1004899 0.1007743 0.1008520 0.0968592 0.0986688 0.0953400 0.1606828 0.1902706 0.1951171 0.2026299 0.1904544 0.1931933 0.1775369 0.1888438 0.1845753 0.2047799 0.1870528 
G693-S-SLE-2009   0.0684021 0.0653875 0.0682885 0.0002943 0.0000000 0.0005888 0.0047746 0.0047686 0.0053677 0.0428742 0.0412484 0.0803959 0.0795195 0.0864884 0.0817455 0.0796360 0.0817479 0.0711922 0.0780133 0.0733974 0.0773548 0.0721644 0.0730755 0.0748720 0.0762634 0.0765399 0.0761038 0.0811489 0.0817221 0.0816386 0.0789720 0.0829276 0.0829276 0.0769300 0.0775440 0.0747164 0.0532193 0.0820034 0.0680095 0.0647390 0.0616197 0.0666125 0.0659094 0.0655167 0.0820225 0.0689922 0.0694110 0.0691496 0.0713476 0.0896966 0.0898778 0.0837075 0.0992915 0.0895332 0.0970877 0.1004329 0.1006738 0.1007514 0.0968044 0.0981827 0.0948603 0.1614025 0.1895820 0.1944070 0.2020152 0.1897625 0.1924829 0.1783002 0.1895597 0.1838975 0.2040586 0.1864504 
G771-S-SLE-2010   0.0692402 0.0662230 0.0691350 0.0008831 0.0005888 0.0000000 0.0050787 0.0053730 0.0059733 0.0436159 0.0412509 0.0812884 0.0804266 0.0874075 0.0826336 0.0805228 0.0826457 0.0716014 0.0780185 0.0742539 0.0782316 0.0721691 0.0730803 0.0748720 0.0762634 0.0774190 0.0769768 0.0820378 0.0826144 0.0825355 0.0798626 0.0838285 0.0838285 0.0769300 0.0784236 0.0755884 0.0539995 0.0828958 0.0684545 0.0655602 0.0624349 0.0666168 0.0667653 0.0663453 0.0829595 0.0689967 0.0702559 0.0699903 0.0722076 0.0897338 0.0908126 0.0846161 0.1002614 0.0895332 0.0975632 0.1014046 0.1016920 0.1017705 0.0977644 0.0991607 0.0958253 0.1626610 0.1909675 0.1958356 0.2034502 0.1911546 0.1939984 0.1783002 0.1895758 0.1839127 0.2055095 0.1864504 
G1792-S-SLE-2011  0.0707050 0.0666696 0.0731624 0.0050769 0.0047746 0.0050787 0.0000000 0.0029748 0.0035705 0.0463665 0.0442316 0.0849764 0.0822516 0.0885683 0.0851358 0.0844056 0.0860890 0.0748830 0.0804422 0.0766788 0.0793617 0.0749677 0.0758638 0.0781879 0.0791309 0.0789513 0.0788674 0.0832203 0.0833179 0.0846375 0.0823647 0.0854571 0.0854571 0.0807380 0.0808907 0.0770973 0.0549640 0.0840852 0.0711608 0.0678634 0.0630094 0.0674597 0.0681980 0.0678283 0.0836380 0.0713275 0.0722009 0.0702271 0.0732517 0.0928034 0.0905962 0.0853032 0.1020254 0.0917868 0.0998624 0.1022343 0.1019471 0.1020260 0.0986091 0.0989538 0.0970565 0.1620774 0.1848314 0.1908299 0.1984984 0.1862777 0.1889959 0.1817429 0.1916412 0.1866636 0.2019938 0.1943073 
G2565-S-SLE-2012  0.0719176 0.0675826 0.0726966 0.0050689 0.0047686 0.0053730 0.0029748 0.0000000 0.0035661 0.0466878 0.0450649 0.0832392 0.0824247 0.0885240 0.0845774 0.0833644 0.0855273 0.0730298 0.0817494 0.0761172 0.0792617 0.0740329 0.0749547 0.0776196 0.0790314 0.0793540 0.0788974 0.0817429 0.0823195 0.0845041 0.0809068 0.0848983 0.0848983 0.0788281 0.0794520 0.0775038 0.0556645 0.0848607 0.0723719 0.0681710 0.0642069 0.0684386 0.0685614 0.0681376 0.0849490 0.0716944 0.0738125 0.0709667 0.0749573 0.0898937 0.0910145 0.0838933 0.0999436 0.0911646 0.0982440 0.1006375 0.1009228 0.1010008 0.0969917 0.0993990 0.0970185 0.1618276 0.1860898 0.1922494 0.2011988 0.1890381 0.1917491 0.1787982 0.1902257 0.1845179 0.2033575 0.1918639 
G1960-S-SLE-2011  0.0709633 0.0679169 0.0734213 0.0056684 0.0053677 0.0059733 0.0035705 0.0035661 0.0000000 0.0458220 0.0442374 0.0848589 0.0840976 0.0901997 0.0861505 0.0840706 0.0862016 0.0746225 0.0815873 0.0768125 0.0799313 0.0756532 0.0765504 0.0783799 0.0796987 0.0800879 0.0787490 0.0846915 0.0852777 0.0852130 0.0824881 0.0855714 0.0855714 0.0813088 0.0819094 0.0791159 0.0547617 0.0846573 0.0722646 0.0664098 0.0632728 0.0683113 0.0684341 0.0679856 0.0838664 0.0707374 0.0736435 0.0708111 0.0756817 0.0934839 0.0927138 0.0864625 0.1025879 0.0918795 0.0999353 0.1023392 0.1026722 0.1027516 0.0977111 0.1011520 0.0982094 0.1651212 0.1897472 0.1959126 0.2032283 0.1912282 0.1939888 0.1848920 0.1967585 0.1895458 0.2028105 0.1925910 
G2197-S-SLE-2011  0.0759927 0.0737350 0.0707169 0.0432289 0.0428742 0.0436159 0.0463665 0.0466878 0.0458220 0.0000000 0.0320817 0.0857634 0.0847389 0.0905685 0.0883858 0.0912150 0.0959940 0.0786475 0.0844875 0.0816680 0.0864877 0.0809765 0.0819071 0.0833036 0.0839662 0.0857124 0.0822756 0.0874839 0.0879846 0.0918944 0.0859443 0.0907412 0.0907412 0.0824493 0.0809968 0.0771453 0.0573189 0.0853169 0.0779765 0.0729941 0.0704692 0.0770293 0.0762538 0.0766637 0.0919602 0.0725644 0.0814725 0.0793603 0.0767988 0.0965153 0.0941935 0.0888003 0.1045699 0.0962011 0.1010048 0.1075048 0.1076427 0.1076427 0.1044317 0.1065281 0.0997838 0.1858068 0.2058293 0.2132078 0.2084848 0.2021166 0.2037726 0.1905611 0.2083276 0.1984335 0.2196438 0.2066600 
LM032-S-SLE-2010  0.0733116 0.0707278 0.0714673 0.0416179 0.0412484 0.0412509 0.0442316 0.0450649 0.0442374 0.0320817 0.0000000 0.0861239 0.0846266 0.0934589 0.0913492 0.0931771 0.0981762 0.0764501 0.0821783 0.0835400 0.0894730 0.0816423 0.0825779 0.0851346 0.0873274 0.0863483 0.0790389 0.0876696 0.0881368 0.0944269 0.0923105 0.0945828 0.0945828 0.0839972 0.0851057 0.0807922 0.0584463 0.0881609 0.0764310 0.0691600 0.0665905 0.0741800 0.0698646 0.0703492 0.0966973 0.0744707 0.0780038 0.0764426 0.0835837 0.0914407 0.0923713 0.0855982 0.1053026 0.0971025 0.1005440 0.1044661 0.1044661 0.1045485 0.1031921 0.1008058 0.1014858 0.1880900 0.2117152 0.2209693 0.2223413 0.2123884 0.2133668 0.1976865 0.2092959 0.2049956 0.2202799 0.2057962 
G636-S-SLE-2009   0.0884092 0.0778735 0.0853900 0.0808093 0.0803959 0.0812884 0.0849764 0.0832392 0.0848589 0.0857634 0.0861239 0.0000000 0.0045589 0.0265559 0.0404121 0.0649286 0.0702696 0.0597615 0.0682257 0.0636192 0.0669218 0.0641452 0.0650232 0.0655169 0.0680104 0.0653462 0.0628821 0.0714341 0.0720022 0.0741892 0.0681661 0.0757504 0.0757504 0.0697255 0.0707590 0.0627646 0.0455189 0.0718748 0.0842639 0.0807198 0.0813574 0.0815487 0.0850271 0.0850124 0.0821726 0.0791679 0.0871096 0.0867184 0.0846388 0.0993131 0.0981886 0.0889494 0.1017068 0.1045553 0.1059581 0.1123524 0.1127316 0.1128221 0.1035326 0.1007749 0.1033809 0.1906365 0.1961857 0.2066003 0.2083532 0.1970617 0.2058862 0.2003894 0.2234832 0.2058892 0.2068360 0.2024629 
G2315-S-SLE-2012  0.0886514 0.0790974 0.0853572 0.0799705 0.0795195 0.0804266 0.0822516 0.0824247 0.0840976 0.0847389 0.0846266 0.0045589 0.0000000 0.0282645 0.0421414 0.0670202 0.0722585 0.0616650 0.0708606 0.0656094 0.0679130 0.0660256 0.0668720 0.0675080 0.0698778 0.0678924 0.0642895 0.0731951 0.0736349 0.0764575 0.0700524 0.0778838 0.0778838 0.0710647 0.0727777 0.0646486 0.0464230 0.0736181 0.0820212 0.0798816 0.0793328 0.0791488 0.0832343 0.0833578 0.0831569 0.0809436 0.0867203 0.0872589 0.0853612 0.0986317 0.0981953 0.0879760 0.1030512 0.1056545 0.1065096 0.1129129 0.1129129 0.1129129 0.1040428 0.1021815 0.1031463 0.1943432 0.2009958 0.2100061 0.2102943 0.2003370 0.2087739 0.2043577 0.2252635 0.2109351 0.2149552 0.2096573 
G2903-S-SLE-2012  0.0915622 0.0823471 0.0916168 0.0869453 0.0864884 0.0874075 0.0885683 0.0885240 0.0901997 0.0905685 0.0934589 0.0265559 0.0282645 0.0000000 0.0477513 0.0712251 0.0764453 0.0671324 0.0737119 0.0702225 0.0716946 0.0697905 0.0706372 0.0712853 0.0736156 0.0725076 0.0689283 0.0765118 0.0769505 0.0785489 0.0716289 0.0812391 0.0812391 0.0759094 0.0767515 0.0673934 0.0506124 0.0732935 0.0952837 0.0906183 0.0863425 0.0892126 0.0922152 0.0923557 0.0848282 0.0872763 0.0916803 0.0931341 0.0915127 0.1020886 0.0992355 0.0924194 0.1105899 0.1074058 0.1083900 0.1125074 0.1125074 0.1125074 0.1044535 0.1062755 0.1004271 0.1886793 0.1964435 0.2081684 0.2051602 0.1971726 0.1994388 0.2005701 0.2227778 0.2088491 0.1975483 0.2045749 
G3206-S-SLE-2012  0.0929455 0.0841479 0.0882559 0.0821565 0.0817455 0.0826336 0.0851358 0.0845774 0.0861505 0.0883858 0.0913492 0.0404121 0.0421414 0.0477513 0.0000000 0.0688390 0.0740897 0.0673002 0.0762621 0.0733341 0.0766572 0.0721943 0.0722188 0.0727631 0.0726005 0.0785258 0.0675396 0.0796602 0.0801330 0.0764260 0.0724276 0.0774198 0.0774198 0.0762428 0.0767471 0.0665974 0.0495145 0.0750038 0.0892348 0.0875531 0.0853001 0.0862893 0.0868851 0.0869067 0.0821853 0.0859357 0.0906863 0.0922789 0.0881634 0.1020805 0.0998506 0.0911540 0.1083092 0.1009206 0.1092458 0.1135143 0.1137027 0.1137928 0.1068243 0.1068413 0.1031728 0.1955914 0.2036869 0.2118196 0.2177220 0.2066869 0.2123484 0.1947268 0.2163647 0.2050685 0.2206276 0.2031344 
G676-S-SLE-2009   0.0930705 0.0868182 0.0865758 0.0800470 0.0796360 0.0805228 0.0844056 0.0833644 0.0840706 0.0912150 0.0931771 0.0649286 0.0670202 0.0712251 0.0688390 0.0000000 0.0047791 0.0497473 0.0533578 0.0400983 0.0443855 0.0372901 0.0380381 0.0377085 0.0394995 0.0426194 0.0409700 0.0508004 0.0512795 0.0486705 0.0454993 0.0483206 0.0483206 0.0503673 0.0535885 0.0466283 0.0482790 0.0743440 0.0917219 0.0843544 0.0845994 0.0865156 0.0884383 0.0888302 0.0854892 0.0818400 0.0931660 0.0956090 0.0904439 0.0976305 0.1009684 0.0916772 0.1107578 0.1009772 0.1120761 0.1166346 0.1170306 0.1171251 0.1085738 0.1127784 0.1081660 0.1996973 0.2018751 0.2129595 0.2116688 0.2079897 0.2097753 0.1978490 0.2203900 0.2192089 0.2069242 0.2067570 
G2405-S-SLE-2012  0.0972583 0.0917847 0.0915864 0.0821633 0.0817479 0.0826457 0.0860890 0.0855273 0.0862016 0.0959940 0.0981762 0.0702696 0.0722585 0.0764453 0.0740897 0.0047791 0.0000000 0.0546069 0.0573102 0.0431843 0.0474180 0.0410668 0.0418182 0.0407626 0.0431783 0.0456147 0.0436776 0.0533148 0.0537274 0.0519427 0.0485545 0.0507029 0.0507029 0.0544411 0.0575800 0.0506042 0.0523225 0.0781419 0.0949417 0.0883750 0.0884251 0.0903942 0.0925241 0.0929620 0.0895499 0.0858192 0.0964237 0.0988925 0.0963418 0.1009592 0.1042121 0.0957696 0.1131572 0.1063998 0.1156966 0.1192137 0.1193710 0.1193710 0.1100746 0.1148836 0.1102360 0.2021546 0.2043737 0.2129706 0.2132024 0.2074492 0.2082874 0.1974487 0.2189097 0.2203583 0.2140156 0.2108577 
G692-S-SLE-2009   0.0850923 0.0746568 0.0781871 0.0715901 0.0711922 0.0716014 0.0748830 0.0730298 0.0746225 0.0786475 0.0764501 0.0597615 0.0616650 0.0671324 0.0673002 0.0497473 0.0546069 0.0000000 0.0327367 0.0430092 0.0473674 0.0419639 0.0419926 0.0442460 0.0446407 0.0470758 0.0419533 0.0511213 0.0515814 0.0498434 0.0516082 0.0529376 0.0529376 0.0515991 0.0527249 0.0474159 0.0447263 0.0736576 0.0800799 0.0765617 0.0750252 0.0772387 0.0786727 0.0790883 0.0756964 0.0762305 0.0820459 0.0807529 0.0898863 0.0930014 0.0988163 0.0915242 0.1065050 0.0899039 0.1102236 0.1140678 0.1144515 0.1145430 0.1081861 0.1067759 0.1048525 0.1835694 0.1937738 0.1995083 0.2048765 0.1997219 0.1978660 0.1959202 0.2160657 0.2073291 0.2108190 0.2002233 
LM779-S-SLE-2012  0.0869981 0.0782348 0.0864275 0.0784537 0.0780133 0.0780185 0.0804422 0.0817494 0.0815873 0.0844875 0.0821783 0.0682257 0.0708606 0.0737119 0.0762621 0.0533578 0.0573102 0.0327367 0.0000000 0.0453483 0.0496188 0.0457236 0.0457383 0.0473817 0.0468421 0.0507596 0.0461526 0.0555312 0.0559260 0.0526785 0.0518295 0.0533348 0.0533348 0.0493782 0.0532205 0.0455593 0.0479013 0.0756277 0.0823477 0.0801874 0.0810297 0.0797332 0.0831731 0.0827901 0.0803167 0.0803734 0.0878814 0.0906762 0.0912377 0.0985057 0.1033204 0.0953525 0.1076820 0.0935344 0.1124373 0.1147120 0.1147120 0.1147120 0.1098881 0.1104828 0.1089804 0.1921757 0.1971395 0.1950695 0.2032158 0.2001222 0.1937708 0.1981218 0.2090045 0.2079911 0.2065848 0.1987419 
G1190-S-SLE-2010  0.0850650 0.0812751 0.0830763 0.0737963 0.0733974 0.0742539 0.0766788 0.0761172 0.0768125 0.0816680 0.0835400 0.0636192 0.0656094 0.0702225 0.0733341 0.0400983 0.0431843 0.0430092 0.0453483 0.0000000 0.0087592 0.0112133 0.0118462 0.0134280 0.0153361 0.0128472 0.0335367 0.0414672 0.0419075 0.0423017 0.0414206 0.0434407 0.0434407 0.0478292 0.0509896 0.0404747 0.0471576 0.0758420 0.0854227 0.0766575 0.0767759 0.0807941 0.0840172 0.0834994 0.0793322 0.0824156 0.0878787 0.0884418 0.0879279 0.0938688 0.0979563 0.0916501 0.1086767 0.0959963 0.1075140 0.1083336 0.1086918 0.1087773 0.1025477 0.1052064 0.0983900 0.1980468 0.1909564 0.1965115 0.1980380 0.1917731 0.1945360 0.1922360 0.2065828 0.2088610 0.2024223 0.1907527 
G2944-S-SLE-2012  0.0893456 0.0858379 0.0838889 0.0777620 0.0773548 0.0782316 0.0793617 0.0792617 0.0799313 0.0864877 0.0894730 0.0669218 0.0679130 0.0716946 0.0766572 0.0443855 0.0474180 0.0473674 0.0496188 0.0087592 0.0000000 0.0153866 0.0160334 0.0170184 0.0195688 0.0170367 0.0386956 0.0465325 0.0469278 0.0451421 0.0441194 0.0462073 0.0462073 0.0515355 0.0554120 0.0447534 0.0493207 0.0767422 0.0882709 0.0786990 0.0795274 0.0824806 0.0849904 0.0845019 0.0802499 0.0839053 0.0936262 0.0932386 0.0897100 0.0960462 0.1024264 0.0954560 0.1089470 0.1020380 0.1109266 0.1122184 0.1123637 0.1123637 0.1043510 0.1082634 0.1026334 0.2033718 0.1957303 0.2000178 0.2015517 0.1959516 0.1965725 0.1964204 0.2111260 0.2113764 0.2003145 0.1937744 
Z0947-S-SLE-2011  0.0855145 0.0781486 0.0812479 0.0725908 0.0721644 0.0721691 0.0749677 0.0740329 0.0756532 0.0809765 0.0816423 0.0641452 0.0660256 0.0697905 0.0721943 0.0372901 0.0410668 0.0419639 0.0457236 0.0112133 0.0153866 0.0000000 0.0005893 0.0106139 0.0112484 0.0147420 0.0324849 0.0397176 0.0401374 0.0409280 0.0407802 0.0420611 0.0420611 0.0441402 0.0476413 0.0401060 0.0453568 0.0746872 0.0845529 0.0771788 0.0772058 0.0821384 0.0827235 0.0832112 0.0766726 0.0810672 0.0861500 0.0863108 0.0874528 0.0915770 0.0974609 0.0911634 0.1063638 0.0951998 0.1077316 0.1090133 0.1092347 0.1093208 0.1032509 0.1037064 0.0983215 0.1913815 0.1949681 0.2029018 0.2064263 0.2008679 0.2040752 0.1938118 0.2092307 0.2106097 0.2018189 0.1947505 
Z0948-S-SLE-2011  0.0864566 0.0781759 0.0821456 0.0735038 0.0730755 0.0730803 0.0758638 0.0749547 0.0765504 0.0819071 0.0825779 0.0650232 0.0668720 0.0706372 0.0722188 0.0380381 0.0418182 0.0419926 0.0457383 0.0118462 0.0160334 0.0005893 0.0000000 0.0112458 0.0112517 0.0153863 0.0331964 0.0404739 0.0408815 0.0416920 0.0415318 0.0428147 0.0428147 0.0449161 0.0484165 0.0408496 0.0461397 0.0747427 0.0846171 0.0781171 0.0781126 0.0830709 0.0836568 0.0841819 0.0775869 0.0820286 0.0871375 0.0872954 0.0883787 0.0925892 0.0984225 0.0921352 0.1074100 0.0952748 0.1088356 0.1100735 0.1102977 0.1103847 0.1043331 0.1047072 0.0992964 0.1929465 0.1951547 0.2028880 0.2065191 0.2009566 0.2041674 0.1953947 0.2107090 0.2122771 0.2034674 0.1963831 
G1727-S-SLE-2011  0.0830363 0.0819339 0.0814640 0.0752741 0.0748720 0.0748720 0.0781879 0.0776196 0.0783799 0.0833036 0.0851346 0.0655169 0.0675080 0.0712853 0.0727631 0.0377085 0.0407626 0.0442460 0.0473817 0.0134280 0.0170184 0.0106139 0.0112458 0.0000000 0.0147422 0.0173672 0.0336238 0.0408773 0.0413017 0.0398959 0.0404795 0.0425000 0.0425000 0.0442332 0.0473421 0.0405756 0.0458081 0.0744041 0.0852049 0.0781727 0.0782937 0.0814654 0.0828889 0.0824387 0.0757072 0.0812713 0.0853714 0.0840899 0.0886275 0.0941807 0.0979182 0.0919585 0.1081502 0.0949445 0.1080154 0.1087835 0.1090990 0.1091852 0.1030169 0.1066145 0.0987506 0.1959354 0.1976634 0.2087204 0.2089900 0.2022007 0.2047026 0.2004851 0.2137680 0.2164543 0.2025955 0.1929221 
G3148-S-SLE-2012  0.0872046 0.0824118 0.0856041 0.0766676 0.0762634 0.0762634 0.0791309 0.0790314 0.0796987 0.0839662 0.0873274 0.0680104 0.0698778 0.0736156 0.0726005 0.0394995 0.0431783 0.0446407 0.0468421 0.0153361 0.0195688 0.0112484 0.0112517 0.0147422 0.0000000 0.0192772 0.0361053 0.0445652 0.0449552 0.0435786 0.0432909 0.0446336 0.0446336 0.0479891 0.0517870 0.0427977 0.0495929 0.0787267 0.0875595 0.0795751 0.0804001 0.0845095 0.0861121 0.0856230 0.0804805 0.0822525 0.0923510 0.0924923 0.0917967 0.0970767 0.1020473 0.0956476 0.1109783 0.0987520 0.1108644 0.1131803 0.1133263 0.1133263 0.1073311 0.1096359 0.0968527 0.1947795 0.1974235 0.2059255 0.2074570 0.2032840 0.2039576 0.1986877 0.2124345 0.2176579 0.2103178 0.2002682 
LM765-S-SLE-2012  0.0902522 0.0857767 0.0849621 0.0769771 0.0765399 0.0774190 0.0789513 0.0793540 0.0800879 0.0857124 0.0863483 0.0653462 0.0678924 0.0725076 0.0785258 0.0426194 0.0456147 0.0470758 0.0507596 0.0128472 0.0170367 0.0147420 0.0153863 0.0173672 0.0192772 0.0000000 0.0347685 0.0447567 0.0451319 0.0444643 0.0449136 0.0474431 0.0474431 0.0489625 0.0497099 0.0443971 0.0501530 0.0821902 0.0911163 0.0835046 0.0833445 0.0875283 0.0892278 0.0897684 0.0826093 0.0857353 0.0933680 0.0929747 0.0915546 0.0984406 0.1038109 0.0963877 0.1120541 0.1017813 0.1101985 0.1140210 0.1140210 0.1140210 0.1081638 0.1100579 0.1040527 0.2009121 0.2000179 0.2067363 0.2098213 0.2036811 0.2064523 0.2016684 0.2180744 0.2164950 0.2047053 0.1998015 
G1647-S-SLE-2011  0.0869566 0.0835417 0.0827635 0.0765380 0.0761038 0.0769768 0.0788674 0.0788974 0.0787490 0.0822756 0.0790389 0.0628821 0.0642895 0.0689283 0.0675396 0.0409700 0.0436776 0.0419533 0.0461526 0.0335367 0.0386956 0.0324849 0.0331964 0.0336238 0.0361053 0.0347685 0.0000000 0.0280303 0.0283920 0.0390881 0.0392560 0.0398145 0.0398145 0.0464181 0.0477101 0.0401372 0.0472710 0.0774389 0.0870214 0.0803597 0.0808724 0.0795139 0.0788566 0.0784771 0.0785306 0.0824816 0.0881937 0.0878268 0.0880378 0.0974567 0.0963411 0.0900916 0.1085086 0.0970850 0.1068684 0.1120319 0.1117012 0.1117895 0.1032701 0.1097704 0.1046008 0.1961610 0.1996757 0.2058773 0.2149142 0.2026731 0.2036617 0.1889464 0.2046331 0.2112472 0.2141110 0.2037753 
G2295-S-SLE-2012  0.0908830 0.0876308 0.0904558 0.0815605 0.0811489 0.0820378 0.0832203 0.0817429 0.0846915 0.0874839 0.0876696 0.0714341 0.0731951 0.0765118 0.0796602 0.0508004 0.0533148 0.0511213 0.0555312 0.0414672 0.0465325 0.0397176 0.0404739 0.0408773 0.0445652 0.0447567 0.0280303 0.0000000 0.0008856 0.0469574 0.0445358 0.0469446 0.0469446 0.0537978 0.0535864 0.0507825 0.0542549 0.0792780 0.0905216 0.0859394 0.0871021 0.0881123 0.0876576 0.0871282 0.0892073 0.0924919 0.1006936 0.0940515 0.0978410 0.1035010 0.1037105 0.0962816 0.1145464 0.1092876 0.1172033 0.1180330 0.1184320 0.1185272 0.1120360 0.1186516 0.1131417 0.2031414 0.2010428 0.2078036 0.2115424 0.2034344 0.1977073 0.1919656 0.2079310 0.2140567 0.2149780 0.2210523 
G2587-S-SLE-2012  0.0915007 0.0881634 0.0910336 0.0821350 0.0817221 0.0826144 0.0833179 0.0823195 0.0852777 0.0879846 0.0881368 0.0720022 0.0736349 0.0769505 0.0801330 0.0512795 0.0537274 0.0515814 0.0559260 0.0419075 0.0469278 0.0401374 0.0408815 0.0413017 0.0449552 0.0451319 0.0283920 0.0008856 0.0000000 0.0474214 0.0449286 0.0473411 0.0473411 0.0542875 0.0539987 0.0512225 0.0547470 0.0798761 0.0911324 0.0865330 0.0875631 0.0885775 0.0882234 0.0877650 0.0897824 0.0931143 0.1004102 0.0947178 0.0983282 0.1031828 0.1032205 0.0958404 0.1141276 0.1100293 0.1169356 0.1166084 0.1168559 0.1169496 0.1117647 0.1181273 0.1136639 0.2043622 0.2007437 0.2070775 0.2109262 0.2030284 0.1969939 0.1931434 0.2072030 0.2137693 0.2161626 0.2223963 
G2280-S-SLE-2012  0.0924436 0.0886482 0.0876574 0.0820537 0.0816386 0.0825355 0.0846375 0.0845041 0.0852130 0.0918944 0.0944269 0.0741892 0.0764575 0.0785489 0.0764260 0.0486705 0.0519427 0.0498434 0.0526785 0.0423017 0.0451421 0.0409280 0.0416920 0.0398959 0.0435786 0.0444643 0.0390881 0.0469574 0.0474214 0.0000000 0.0192748 0.0208569 0.0208569 0.0536347 0.0585265 0.0494228 0.0544388 0.0799037 0.0952510 0.0914919 0.0880090 0.0877176 0.0883011 0.0882868 0.0866606 0.0875903 0.0930282 0.0949044 0.0942720 0.0995073 0.1003620 0.0930235 0.1054637 0.1048327 0.1163621 0.1241422 0.1245699 0.1246720 0.1164643 0.1189702 0.1071583 0.2038023 0.2034783 0.2112007 0.2156719 0.2089895 0.2058346 0.2035115 0.2249452 0.2214517 0.2220934 0.2094055 
G2612-S-SLE-2012  0.0925204 0.0886342 0.0834680 0.0793850 0.0789720 0.0798626 0.0823647 0.0809068 0.0824881 0.0859443 0.0923105 0.0681661 0.0700524 0.0716289 0.0724276 0.0454993 0.0485545 0.0516082 0.0518295 0.0414206 0.0441194 0.0407802 0.0415318 0.0404795 0.0432909 0.0449136 0.0392560 0.0445358 0.0449286 0.0192748 0.0000000 0.0222589 0.0222589 0.0531575 0.0570927 0.0485009 0.0508674 0.0767924 0.0915391 0.0868834 0.0869270 0.0851562 0.0868710 0.0868928 0.0881702 0.0867182 0.0917796 0.0927137 0.0960682 0.1023987 0.1011093 0.0927798 0.1077537 0.1019886 0.1146353 0.1191133 0.1192709 0.1192709 0.1126262 0.1161291 0.1078624 0.2055415 0.1999913 0.2075524 0.2109471 0.2039283 0.2034901 0.1919957 0.2123706 0.2138354 0.2214783 0.2057996 
G3016-S-SLE-2012  0.0948605 0.0932502 0.0894770 0.0829731 0.0829276 0.0838285 0.0854571 0.0848983 0.0855714 0.0907412 0.0945828 0.0757504 0.0778838 0.0812391 0.0774198 0.0483206 0.0507029 0.0529376 0.0533348 0.0434407 0.0462073 0.0420611 0.0428147 0.0425000 0.0446336 0.0474431 0.0398145 0.0469446 0.0473411 0.0208569 0.0222589 0.0000000 0.0000010 0.0548476 0.0580374 0.0498255 0.0564475 0.0818832 0.0954331 0.0898188 0.0898630 0.0853299 0.0875400 0.0870475 0.0890163 0.0921339 0.0945079 0.0960107 0.0981744 0.1058137 0.1038458 0.0954379 0.1112368 0.1054144 0.1178698 0.1229011 0.1230636 0.1231638 0.1153265 0.1171082 0.1111456 0.2059495 0.2062457 0.2089817 0.2149545 0.2087118 0.2055058 0.1937926 0.2168312 0.2158548 0.2305882 0.2166961 
G3106-S-SLE-2012  0.0948605 0.0932502 0.0894770 0.0829731 0.0829276 0.0838285 0.0854571 0.0848983 0.0855714 0.0907412 0.0945828 0.0757504 0.0778838 0.0812391 0.0774198 0.0483206 0.0507029 0.0529376 0.0533348 0.0434407 0.0462073 0.0420611 0.0428147 0.0425000 0.0446336 0.0474431 0.0398145 0.0469446 0.0473411 0.0208569 0.0222589 0.0000010 0.0000000 0.0548476 0.0580374 0.0498255 0.0564475 0.0818832 0.0954331 0.0898188 0.0898630 0.0853299 0.0875400 0.0870475 0.0890163 0.0921339 0.0945079 0.0960107 0.0981744 0.1058137 0.1038458 0.0954379 0.1112368 0.1054144 0.1178698 0.1229011 0.1230636 0.1231638 0.1153265 0.1171082 0.1111456 0.2059495 0.2062457 0.2089817 0.2149545 0.2087118 0.2055058 0.1937926 0.2168312 0.2158548 0.2305882 0.2166961 
G1774-S-SLE-2011  0.0887412 0.0858351 0.0836433 0.0773367 0.0769300 0.0769300 0.0807380 0.0788281 0.0813088 0.0824493 0.0839972 0.0697255 0.0710647 0.0759094 0.0762428 0.0503673 0.0544411 0.0515991 0.0493782 0.0478292 0.0515355 0.0441402 0.0449161 0.0442332 0.0479891 0.0489625 0.0464181 0.0537978 0.0542875 0.0536347 0.0531575 0.0548476 0.0548476 0.0000000 0.0189568 0.0307671 0.0485405 0.0739764 0.0875465 0.0823702 0.0817108 0.0826736 0.0836391 0.0831191 0.0814028 0.0832068 0.0888535 0.0890288 0.0942209 0.0992983 0.0989710 0.0910980 0.1074554 0.1011546 0.1038619 0.1085400 0.1089016 0.1089879 0.1023902 0.1104164 0.1084538 0.1946230 0.2024839 0.2070769 0.2107880 0.2056448 0.2058569 0.1825469 0.1992249 0.2012250 0.2098455 0.2060532 
G2222-S-SLE-2011  0.0913936 0.0873157 0.0856637 0.0779523 0.0775440 0.0784236 0.0808907 0.0794520 0.0819094 0.0809968 0.0851057 0.0707590 0.0727777 0.0767515 0.0767471 0.0535885 0.0575800 0.0527249 0.0532205 0.0509896 0.0554120 0.0476413 0.0484165 0.0473421 0.0517870 0.0497099 0.0477101 0.0535864 0.0539987 0.0585265 0.0570927 0.0580374 0.0580374 0.0189568 0.0000000 0.0311896 0.0505442 0.0780128 0.0914787 0.0853067 0.0853553 0.0863514 0.0860246 0.0855333 0.0815631 0.0870881 0.0915154 0.0906005 0.0942348 0.1029683 0.1050228 0.0969764 0.1164608 0.1064862 0.1076802 0.1149924 0.1151423 0.1151423 0.1066832 0.1134881 0.1120662 0.1937497 0.2017900 0.2046414 0.2107605 0.2063004 0.2039320 0.1865466 0.2042230 0.2040712 0.2172748 0.2085174 
LM395-S-SLE-2009  0.0877476 0.0824827 0.0808203 0.0751501 0.0747164 0.0755884 0.0770973 0.0775038 0.0791159 0.0771453 0.0807922 0.0627646 0.0646486 0.0673934 0.0665974 0.0466283 0.0506042 0.0474159 0.0455593 0.0404747 0.0447534 0.0401060 0.0408496 0.0405756 0.0427977 0.0443971 0.0401372 0.0507825 0.0512225 0.0494228 0.0485009 0.0498255 0.0498255 0.0307671 0.0311896 0.0000000 0.0448179 0.0710130 0.0843254 0.0788326 0.0789320 0.0798639 0.0817966 0.0814137 0.0781386 0.0785783 0.0890165 0.0877206 0.0888612 0.0931380 0.0953752 0.0881889 0.1041252 0.0962569 0.1054888 0.1075620 0.1077812 0.1078664 0.1015208 0.1041670 0.1047822 0.1947350 0.2001783 0.2035914 0.2104139 0.2046985 0.2050441 0.1883368 0.2057867 0.2058355 0.2119694 0.2012989 
Josiah-S-SLE-1976 0.0603272 0.0555454 0.0594699 0.0535889 0.0532193 0.0539995 0.0549640 0.0556645 0.0547617 0.0573189 0.0584463 0.0455189 0.0464230 0.0506124 0.0495145 0.0482790 0.0523225 0.0447263 0.0479013 0.0471576 0.0493207 0.0453568 0.0461397 0.0458081 0.0495929 0.0501530 0.0472710 0.0542549 0.0547470 0.0544388 0.0508674 0.0564475 0.0564475 0.0485405 0.0505442 0.0448179 0.0000000 0.0502921 0.0645850 0.0589011 0.0582618 0.0606350 0.0609720 0.0605160 0.0521588 0.0604701 0.0671521 0.0635884 0.0666127 0.0738274 0.0748124 0.0678643 0.0854228 0.0760552 0.0860668 0.0882425 0.0885217 0.0885883 0.0819883 0.0833199 0.0821624 0.1677238 0.1779244 0.1827694 0.1852093 0.1834282 0.1832628 0.1744955 0.1952530 0.1869541 0.1864773 0.1885883 
G2868-S-SLE-2012  0.0880965 0.0804928 0.0838796 0.0824163 0.0820034 0.0828958 0.0840852 0.0848607 0.0846573 0.0853169 0.0881609 0.0718748 0.0736181 0.0732935 0.0750038 0.0743440 0.0781419 0.0736576 0.0756277 0.0758420 0.0767422 0.0746872 0.0747427 0.0744041 0.0787267 0.0821902 0.0774389 0.0792780 0.0798761 0.0799037 0.0767924 0.0818832 0.0818832 0.0739764 0.0780128 0.0710130 0.0502921 0.0000000 0.0896382 0.0844408 0.0846907 0.0893658 0.0883060 0.0882919 0.0670781 0.0867631 0.0981986 0.0949158 0.0905919 0.1032065 0.1040175 0.0960718 0.1056527 0.1033835 0.1076783 0.1109709 0.1113418 0.1114303 0.1067646 0.1072247 0.1050386 0.1813903 0.1853518 0.1934216 0.1953717 0.1929365 0.1900389 0.1914075 0.2114794 0.1914282 0.1972905 0.2001719 
G2165-S-SLE-2011  0.0795595 0.0768624 0.0816419 0.0680462 0.0680095 0.0684545 0.0711608 0.0723719 0.0722646 0.0779765 0.0764310 0.0842639 0.0820212 0.0952837 0.0892348 0.0917219 0.0949417 0.0800799 0.0823477 0.0854227 0.0882709 0.0845529 0.0846171 0.0852049 0.0875595 0.0911163 0.0870214 0.0905216 0.0911324 0.0952510 0.0915391 0.0954331 0.0954331 0.0875465 0.0914787 0.0843254 0.0645850 0.0896382 0.0000000 0.0252524 0.0256397 0.0271446 0.0276937 0.0273572 0.0906213 0.0741627 0.0812202 0.0769891 0.0846972 0.0978660 0.0975411 0.0911300 0.1043607 0.0981317 0.1105268 0.1076488 0.1078652 0.1079493 0.1065563 0.1078669 0.1059174 0.1878547 0.1965643 0.2063669 0.2071832 0.2010289 0.2062214 0.1900405 0.2021858 0.2046405 0.2047534 0.2106257 
G2184-S-SLE-2011  0.0710375 0.0691259 0.0724505 0.0647483 0.0647390 0.0655602 0.0678634 0.0681710 0.0664098 0.0729941 0.0691600 0.0807198 0.0798816 0.0906183 0.0875531 0.0843544 0.0883750 0.0765617 0.0801874 0.0766575 0.0786990 0.0771788 0.0781171 0.0781727 0.0795751 0.0835046 0.0803597 0.0859394 0.0865330 0.0914919 0.0868834 0.0898188 0.0898188 0.0823702 0.0853067 0.0788326 0.0589011 0.0844408 0.0252524 0.0000000 0.0122151 0.0241072 0.0239936 0.0236537 0.0881416 0.0710474 0.0746078 0.0726961 0.0820938 0.0912566 0.0886765 0.0825105 0.0988890 0.0961379 0.1004138 0.0982556 0.0985316 0.0986070 0.0956174 0.0989024 0.1042966 0.1858043 0.1921453 0.2004030 0.1945519 0.1890262 0.1950010 0.1824659 0.1932954 0.1916841 0.1985098 0.2028340 
LM776-S-SLE-2012  0.0733572 0.0671555 0.0744136 0.0616523 0.0616197 0.0624349 0.0630094 0.0642069 0.0632728 0.0704692 0.0665905 0.0813574 0.0793328 0.0863425 0.0853001 0.0845994 0.0884251 0.0750252 0.0810297 0.0767759 0.0795274 0.0772058 0.0781126 0.0782937 0.0804001 0.0833445 0.0808724 0.0871021 0.0875631 0.0880090 0.0869270 0.0898630 0.0898630 0.0817108 0.0853553 0.0789320 0.0582618 0.0846907 0.0256397 0.0122151 0.0000000 0.0247757 0.0240386 0.0243890 0.0864607 0.0711736 0.0704887 0.0681619 0.0746605 0.0905493 0.0909667 0.0838636 0.0971263 0.0955558 0.1026793 0.0994820 0.0994820 0.0995582 0.0978311 0.0998357 0.1002759 0.1858359 0.1869621 0.2001169 0.1945670 0.1892469 0.1935012 0.1834507 0.1945238 0.1915813 0.2003744 0.2015287 
LM222-S-SLE-2010  0.0750046 0.0720306 0.0778525 0.0666485 0.0666125 0.0666168 0.0674597 0.0684386 0.0683113 0.0770293 0.0741800 0.0815487 0.0791488 0.0892126 0.0862893 0.0865156 0.0903942 0.0772387 0.0797332 0.0807941 0.0824806 0.0821384 0.0830709 0.0814654 0.0845095 0.0875283 0.0795139 0.0881123 0.0885775 0.0877176 0.0851562 0.0853299 0.0853299 0.0826736 0.0863514 0.0798639 0.0606350 0.0893658 0.0271446 0.0241072 0.0247757 0.0000000 0.0168582 0.0165405 0.0860691 0.0724443 0.0760754 0.0745178 0.0780503 0.0922179 0.0945373 0.0849753 0.1038176 0.1030095 0.1059377 0.1056466 0.1056466 0.1057290 0.1019808 0.1060765 0.1010292 0.1939207 0.1933069 0.2075056 0.2054880 0.1962380 0.2021771 0.1892303 0.2006050 0.1997749 0.2077858 0.2077131 
LM774-S-SLE-2012  0.0760208 0.0730896 0.0766288 0.0659448 0.0659094 0.0667653 0.0681980 0.0685614 0.0684341 0.0762538 0.0698646 0.0850271 0.0832343 0.0922152 0.0868851 0.0884383 0.0925241 0.0786727 0.0831731 0.0840172 0.0849904 0.0827235 0.0836568 0.0828889 0.0861121 0.0892278 0.0788566 0.0876576 0.0882234 0.0883011 0.0868710 0.0875400 0.0875400 0.0836391 0.0860246 0.0817966 0.0609720 0.0883060 0.0276937 0.0239936 0.0240386 0.0168582 0.0000000 0.0020722 0.0886095 0.0738360 0.0780414 0.0764599 0.0768249 0.0898347 0.0906317 0.0830013 0.0993455 0.1010410 0.1064605 0.1057367 0.1059940 0.1060768 0.1040630 0.1019643 0.1021879 0.1875387 0.1956565 0.2097347 0.2082518 0.1972239 0.2073435 0.1847284 0.1959150 0.2001595 0.2082236 0.2113581 
LM778-S-SLE-2012  0.0756162 0.0727150 0.0771264 0.0655262 0.0655167 0.0663453 0.0678283 0.0681376 0.0679856 0.0766637 0.0703492 0.0850124 0.0833578 0.0923557 0.0869067 0.0888302 0.0929620 0.0790883 0.0827901 0.0834994 0.0845019 0.0832112 0.0841819 0.0824387 0.0856230 0.0897684 0.0784771 0.0871282 0.0877650 0.0882868 0.0868928 0.0870475 0.0870475 0.0831191 0.0855333 0.0814137 0.0605160 0.0882919 0.0273572 0.0236537 0.0243890 0.0165405 0.0020722 0.0000000 0.0891598 0.0739083 0.0775373 0.0759617 0.0778198 0.0894104 0.0902100 0.0831211 0.0993762 0.1004742 0.1058807 0.1052507 0.1055966 0.1056791 0.1034884 0.1021284 0.1023529 0.1908875 0.1960261 0.2097891 0.2084513 0.1991075 0.2078729 0.1866729 0.1983871 0.2033795 0.2091951 0.2120484 
G808-S-SLE-2010   0.0953366 0.0911039 0.0925572 0.0824742 0.0820225 0.0829595 0.0836380 0.0849490 0.0838664 0.0919602 0.0966973 0.0821726 0.0831569 0.0848282 0.0821853 0.0854892 0.0895499 0.0756964 0.0803167 0.0793322 0.0802499 0.0766726 0.0775869 0.0757072 0.0804805 0.0826093 0.0785306 0.0892073 0.0897824 0.0866606 0.0881702 0.0890163 0.0890163 0.0814028 0.0815631 0.0781386 0.0521588 0.0670781 0.0906213 0.0881416 0.0864607 0.0860691 0.0886095 0.0891598 0.0000000 0.0947856 0.0968863 0.0949179 0.0956480 0.1139406 0.1124040 0.1060535 0.1175407 0.1082404 0.1070425 0.1149616 0.1152534 0.1153474 0.1053287 0.1165926 0.1173451 0.1994678 0.2133924 0.2182858 0.2309815 0.2196965 0.2234084 0.2056440 0.2242158 0.2183665 0.2111428 0.2125205 
G503-S-SLE-2009   0.0693626 0.0679539 0.0695422 0.0685681 0.0689922 0.0689967 0.0713275 0.0716944 0.0707374 0.0725644 0.0744707 0.0791679 0.0809436 0.0872763 0.0859357 0.0818400 0.0858192 0.0762305 0.0803734 0.0824156 0.0839053 0.0810672 0.0820286 0.0812713 0.0822525 0.0857353 0.0824816 0.0924919 0.0931143 0.0875903 0.0867182 0.0921339 0.0921339 0.0832068 0.0870881 0.0785783 0.0604701 0.0867631 0.0741627 0.0710474 0.0711736 0.0724443 0.0738360 0.0739083 0.0947856 0.0000000 0.0796894 0.0784921 0.0779202 0.0959349 0.0980411 0.0915831 0.1014738 0.0951715 0.1048975 0.1095580 0.1097821 0.1098691 0.1034518 0.1061019 0.1030279 0.1778401 0.1989640 0.2104890 0.2061745 0.2020975 0.1999436 0.1868110 0.2001786 0.1987158 0.1971107 0.2190318 
G1959-S-SLE-2011  0.0784942 0.0666142 0.0692804 0.0698058 0.0694110 0.0702559 0.0722009 0.0738125 0.0736435 0.0814725 0.0780038 0.0871096 0.0867203 0.0916803 0.0906863 0.0931660 0.0964237 0.0820459 0.0878814 0.0878787 0.0936262 0.0861500 0.0871375 0.0853714 0.0923510 0.0933680 0.0881937 0.1006936 0.1004102 0.0930282 0.0917796 0.0945079 0.0945079 0.0888535 0.0915154 0.0890165 0.0671521 0.0981986 0.0812202 0.0746078 0.0704887 0.0760754 0.0780414 0.0775373 0.0968863 0.0796894 0.0000000 0.0259024 0.0846052 0.1012410 0.1006748 0.0940651 0.1109262 0.0981818 0.1146208 0.1144029 0.1147878 0.1148796 0.1126218 0.1089295 0.1085790 0.1726854 0.1848516 0.2024497 0.1995899 0.1911674 0.1947446 0.1926929 0.2087994 0.1981039 0.2088493 0.1888918 
G3010-S-SLE-2012  0.0804224 0.0706950 0.0732646 0.0686995 0.0691496 0.0699903 0.0702271 0.0709667 0.0708111 0.0793603 0.0764426 0.0867184 0.0872589 0.0931341 0.0922789 0.0956090 0.0988925 0.0807529 0.0906762 0.0884418 0.0932386 0.0863108 0.0872954 0.0840899 0.0924923 0.0929747 0.0878268 0.0940515 0.0947178 0.0949044 0.0927137 0.0960107 0.0960107 0.0890288 0.0906005 0.0877206 0.0635884 0.0949158 0.0769891 0.0726961 0.0681619 0.0745178 0.0764599 0.0759617 0.0949179 0.0784921 0.0259024 0.0000000 0.0833441 0.1032051 0.1022299 0.0979519 0.1114433 0.1036244 0.1136860 0.1138696 0.1142503 0.1143412 0.1127252 0.1115051 0.1055185 0.1690918 0.1869611 0.2017587 0.2007866 0.1877689 0.1983714 0.1877513 0.1984391 0.1897127 0.2105061 0.1892007 
G2318-S-SLE-2012  0.0823876 0.0788505 0.0818878 0.0717753 0.0713476 0.0722076 0.0732517 0.0749573 0.0756817 0.0767988 0.0835837 0.0846388 0.0853612 0.0915127 0.0881634 0.0904439 0.0963418 0.0898863 0.0912377 0.0879279 0.0897100 0.0874528 0.0883787 0.0886275 0.0917967 0.0915546 0.0880378 0.0978410 0.0983282 0.0942720 0.0960682 0.0981744 0.0981744 0.0942209 0.0942348 0.0888612 0.0666127 0.0905919 0.0846972 0.0820938 0.0746605 0.0780503 0.0768249 0.0778198 0.0956480 0.0779202 0.0846052 0.0833441 0.0000000 0.1046732 0.1069058 0.0973164 0.1175077 0.1077167 0.1166715 0.1205869 0.1205869 0.1206849 0.1126979 0.1122208 0.1156548 0.1951372 0.2007249 0.2101262 0.2123155 0.2008782 0.2051203 0.1959859 0.2080851 0.2152108 0.2286645 0.2106009 
G733-S-SLE-2010   0.0893986 0.0923164 0.0912764 0.0901580 0.0896966 0.0897338 0.0928034 0.0898937 0.0934839 0.0965153 0.0914407 0.0993131 0.0986317 0.1020886 0.1020805 0.0976305 0.1009592 0.0930014 0.0985057 0.0938688 0.0960462 0.0915770 0.0925892 0.0941807 0.0970767 0.0984406 0.0974567 0.1035010 0.1031828 0.0995073 0.1023987 0.1058137 0.1058137 0.0992983 0.1029683 0.0931380 0.0738274 0.1032065 0.0978660 0.0912566 0.0905493 0.0922179 0.0898347 0.0894104 0.1139406 0.0959349 0.1012410 0.1032051 0.1046732 0.0000000 0.0456813 0.0407478 0.0468449 0.0981722 0.1031325 0.1004569 0.1006967 0.1007739 0.0997758 0.0903685 0.0964541 0.1808551 0.1949046 0.2042498 0.2052093 0.1990646 0.1990444 0.1901395 0.2049059 0.1976572 0.2077141 0.1939714 
G1618-S-SLE-2011  0.0983489 0.0973511 0.0918751 0.0903425 0.0898778 0.0908126 0.0905962 0.0910145 0.0927138 0.0941935 0.0923713 0.0981886 0.0981953 0.0992355 0.0998506 0.1009684 0.1042121 0.0988163 0.1033204 0.0979563 0.1024264 0.0974609 0.0984225 0.0979182 0.1020473 0.1038109 0.0963411 0.1037105 0.1032205 0.1003620 0.1011093 0.1038458 0.1038458 0.0989710 0.1050228 0.0953752 0.0748124 0.1040175 0.0975411 0.0886765 0.0909667 0.0945373 0.0906317 0.0902100 0.1124040 0.0980411 0.1006748 0.1022299 0.1069058 0.0456813 0.0000000 0.0147618 0.0509143 0.1028552 0.1037992 0.1010658 0.1011455 0.1012234 0.0994596 0.0913234 0.0960196 0.1762245 0.1915687 0.2045247 0.2052501 0.1954843 0.1972936 0.1937724 0.2110318 0.2088782 0.2123075 0.1974384 
G1646-S-SLE-2011  0.0882482 0.0894838 0.0847190 0.0841593 0.0837075 0.0846161 0.0853032 0.0838933 0.0864625 0.0888003 0.0855982 0.0889494 0.0879760 0.0924194 0.0911540 0.0916772 0.0957696 0.0915242 0.0953525 0.0916501 0.0954560 0.0911634 0.0921352 0.0919585 0.0956476 0.0963877 0.0900916 0.0962816 0.0958404 0.0930235 0.0927798 0.0954379 0.0954379 0.0910980 0.0969764 0.0881889 0.0678643 0.0960718 0.0911300 0.0825105 0.0838636 0.0849753 0.0830013 0.0831211 0.1060535 0.0915831 0.0940651 0.0979519 0.0973164 0.0407478 0.0147618 0.0000000 0.0454310 0.0954288 0.0966808 0.0934558 0.0935610 0.0936317 0.0929951 0.0856878 0.0877868 0.1676759 0.1829784 0.1961568 0.1962799 0.1918234 0.1912424 0.1815163 0.1994918 0.1989069 0.2020876 0.1987975 
G2554-S-SLE-2012  0.1024059 0.1041549 0.1006796 0.0997344 0.0992915 0.1002614 0.1020254 0.0999436 0.1025879 0.1045699 0.1053026 0.1017068 0.1030512 0.1105899 0.1083092 0.1107578 0.1131572 0.1065050 0.1076820 0.1086767 0.1089470 0.1063638 0.1074100 0.1081502 0.1109783 0.1120541 0.1085086 0.1145464 0.1141276 0.1054637 0.1077537 0.1112368 0.1112368 0.1074554 0.1164608 0.1041252 0.0854228 0.1056527 0.1043607 0.0988890 0.0971263 0.1038176 0.0993455 0.0993762 0.1175407 0.1014738 0.1109262 0.1114433 0.1175077 0.0468449 0.0509143 0.0454310 0.0000000 0.1064550 0.1053768 0.1073307 0.1075930 0.1076774 0.1056515 0.1033720 0.0989795 0.1952934 0.1997102 0.2109306 0.2077828 0.2086448 0.2076330 0.1935820 0.2101804 0.2092697 0.2230259 0.2020950 
G2263-S-SLE-2012  0.0925780 0.0889347 0.0887953 0.0899606 0.0895332 0.0895332 0.0917868 0.0911646 0.0918795 0.0962011 0.0971025 0.1045553 0.1056545 0.1074058 0.1009206 0.1009772 0.1063998 0.0899039 0.0935344 0.0959963 0.1020380 0.0951998 0.0952748 0.0949445 0.0987520 0.1017813 0.0970850 0.1092876 0.1100293 0.1048327 0.1019886 0.1054144 0.1054144 0.1011546 0.1064862 0.0962569 0.0760552 0.1033835 0.0981317 0.0961379 0.0955558 0.1030095 0.1010410 0.1004742 0.1082404 0.0951715 0.0981818 0.1036244 0.1077167 0.0981722 0.1028552 0.0954288 0.1064550 0.0000000 0.1127105 0.1105225 0.1108902 0.1109780 0.1071721 0.1070043 0.1100030 0.1881548 0.1891412 0.1989830 0.1990827 0.1891291 0.1917756 0.1942904 0.2068367 0.2063911 0.1989863 0.2042291 
